0.688648 0.0541135 0.305224 0.714796 0.511489 0.465577 0.216148 0.915894 0.961431 0.111438
0.0405338 0.306215 0.872953 0.330924 0.939316 0.975779 0.158448 0.712618 0.957675 0.14762
0.525706 0.535311 0.618289 0.3187 0.0747061 0.764176 0.553532 0.374666 0.659413 0.180423
0.187095 0.859483 0.195987 0.163618 0.0719719 0.175418 0.445313 0.233763 0.546001 0.387452
0.41437 0.137222 0.0742874 0.573993 0.899478 0.23597 0.990807 0.541994 0.439433 0.0461019
0.742719 0.80214 0.296517 0.960226 0.452799 0.623239 0.858377 0.529363 0.0332684 0.752523
0.988834 0.993128 0.893452 0.830301 0.326927 0.394955 0.2198 0.423303 0.11605 0.510255
0.401901 0.531332 0.259424 0.66259 0.350304 0.290602 0.605232 0.739028 0.340867 0.00260719
0.0233888 0.835409 0.763606 0.269745 0.220142 0.0386678 0.517821 0.184734 0.260778 0.619326
0.0768983 0.673459 0.606242 0.0955581 0.975627 0.25453 0.632418 0.121082 0.484534 0.584202
0.149489 0.350349 0.285682 0.337356 0.128182 0.489284 0.0689659 0.592574 0.833323 0.38786
0.450733 0.191774 0.191594 0.103827 0.268944 0.100873 0.792282 0.10127 0.524221 0.509995
0.879559 0.227567 0.136426 0.749007 0.0336035 0.707432 0.873956 0.619983 0.505352 0.305772
0.014338 0.473146 0.173547 0.741102 0.010062 0.434306 0.833235 0.989588 0.455782 0.297823
0.735178 0.852903 0.947098 0.824834 0.0249212 0.747363 0.496805 0.776065 0.767401 0.0408219
0.971813 0.144149 0.573813 0.770093 0.972813 0.196136 0.219693 0.246909 0.409522 0.803538
0.842533 0.58288 0.969686 0.664153 0.818705 0.975993 0.852947 0.118276 0.262899 0.765633
0.811859 0.82375 0.0597444 0.945801 0.936418 0.394756 0.678792 0.149655 0.360397 0.0477612
0.660228 0.810791 0.374853 0.392254 0.976954 0.136336 0.930148 0.768251 0.704102 0.458271
0.300888 0.759582 0.555931 0.616756 0.886992 0.830785 0.304251 0.278309 0.928829 0.0946234
0.907394 0.608136 0.177941 0.945257 0.304295 0.74794 0.780795 0.678724 0.82094 0.0671464
0.777385 0.926019 0.296331 0.377681 0.829493 0.865127 0.988105 0.838292 0.142762 0.499757
0.0345133 0.433805 0.122291 0.169893 0.167429 0.561196 0.311534 0.572695 0.370957 0.956452
0.651349 0.907142 0.985512 0.0950147 0.430748 0.962794 0.147865 0.819173 0.974874 0.75797
0.102661 0.0328286 0.613059 0.519177 0.0301289 0.0193891 0.0579614 0.40737 0.483636 0.293525
0.927018 0.576144 0.966462 0.303716 0.877934 0.604797 0.950861 0.166329 0.327798 0.024077
0.614191 0.948739 0.435016 0.401721 0.586682 0.421647 0.436447 0.0134516 0.841891 0.758453
0.652184 0.177951 0.085645 0.789059 0.941113 0.728377 0.937566 0.824271 0.263972 0.787906
0.685925 0.474423 0.787168 0.364646 0.513107 0.886295 0.471921 0.705087 0.348117 0.780988
0.456788 0.460653 0.779073 0.52255 0.606831 0.554847 0.0969379 0.368012 0.285704 0.781179
0.930128 0.127853 0.595427 0.247508 0.225411 0.539028 0.509814 0.147241 0.171689 0.942244
0.371683 0.301406 0.499605 0.339585 0.862786 0.0624987 0.908567 0.837452 0.109727 0.211866
0.210559 0.74154 0.34355 0.504295 0.739479 0.686023 0.825278 0.816614 0.223128 0.379579
0.51906 0.293151 0.287019 0.252042 0.918112 0.66606 0.445066 0.498056 0.881784 0.620852
0.254339 0.83114 0.484249 0.0375733 0.0200672 0.993796 0.10839 0.613281 0.554997 0.902529
0.0135056 0.666337 0.810347 0.930926 0.478763 0.885969 0.676978 0.362917 0.636131 0.950157
0.880478 0.849425 0.90779 0.0719706 0.409118 0.99052 0.815007 0.913002 0.584294 0.238955
0.183197 0.358982 0.836718 0.472372 0.65382 0.664707 0.794971 0.189289 0.899725 0.230269
0.0920998 0.868654 0.689476 0.68507 0.245698 0.943427 0.915445 0.477276 0.711493 0.658342
0.433507 0.977972 0.811472 0.669493 0.325556 0.940536 0.570408 0.654013 0.527582 0.242887
0.301055 0.562609 0.250922 0.850826 0.0670432 0.822501 0.0112632 0.868581 0.304582 0.191154
0.827032 0.758044 0.265259 0.872477 0.986079 0.500594 0.448658 0.886587 0.621002 0.660543
0.97618 0.00151499 0.449972 0.0552027 0.26645 0.72935 0.907243 0.920592 0.00383801 0.0342162
0.878122 0.348377 0.125778 0.23855 0.694266 0.961334 0.819233 0.38371 0.940392 0.548528
0.125779 0.597627 0.899359 0.826838 0.57112 0.667368 0.210845 0.892686 0.356411 0.115084
0.301515 0.808306 0.804953 0.325948 0.625817 0.475843 0.92572 0.0901827 0.407443 0.0143092
0.446095 0.18278 0.935221 0.595779 0.648953 0.214672 0.123236 0.897684 0.614633 0.0814738
0.340273 0.321138 0.397879 0.298663 0.190277 0.149344 0.154688 0.378418 0.382693 0.298723
0.982672 0.843615 0.296229 0.167104 0.736869 0.151853 0.689585 0.922419 0.909418 0.385852
0.298612 0.346546 0.78065 0.107943 0.626934 0.0874173 0.220343 0.636008 0.764993 0.332257
0.575304 0.573253 0.477766 0.409741 0.153784 0.639369 0.00524994 0.335222 0.0764819 0.166356
0.444718 0.328555 0.543466 0.200095 0.887287 0.911754 0.797903 0.0957106 0.036231 0.980745
0.432603 0.553555 0.576231 0.995307 0.120992 0.750378 0.311489 0.82655 0.570334 0.491538
0.83534 0.432544 0.683824 0.373998 0.505974 0.751065 0.640838 0.745393 0.820227 0.000250462
0.711928 0.403625 0.117029 0.521779 0.355452 0.0495884 0.863713 0.14979 0.893893 0.598263
0.291308 0.170254 0.847098 0.541782 0.718454 0.447436 0.6583 0.100486 0.732927 0.610914
0.101444 0.488409 0.554932 0.188493 0.769737 0.402182 0.972683 0.551011 0.554426 0.655016
0.89641 0.471019 0.925886 0.420078 0.633135 0.898416 0.278496 0.720238 0.727898 0.413265
0.528277 0.734125 0.0027557 0.694398 0.251012 0.0905083 0.070952 0.705399 0.359907 0.0105998
0.634992 0.269311 0.204929 0.87133 0.498029 0.499073 0.728767 0.643959 0.179195 0.0636151
0.456722 0.477494 0.661758 0.16685 0.0980221 0.232289 0.981864 0.217028 0.288968 0.0258288
0.413477 0.888022 0.273541 0.453271 0.799511 0.760834 0.967331 0.602921 0.854287 0.600038
0.00785256 0.502988 0.415342 0.0760902 0.0564857 0.693417 0.762319 0.787089 0.851242 0.118903
0.0845071 0.480193 0.256046 0.590848 0.19739 0.799608 0.256537 0.538862 0.526819 0.259222
0.469865 0.780836 0.782883 0.526834 0.0204068 0.20514 0.594652 0.0843238 0.210991 0.185743
0.877369 0.888771 0.321054 0.208121 0.646758 0.00944936 0.895542 0.971561 0.566937 0.741086
0.467236 0.516495 0.355801 0.449259 0.441433 0.339621 0.172461 0.0617837 0.618674 0.329653
0.243985 0.43917 0.735642 0.204731 0.118495 0.518752 0.679265 0.737859 0.984605 0.94587
0.326138 0.749741 0.842882 0.157915 0.521998 0.508992 0.162418 0.870232 0.829319 0.17361
0.940953 0.285098 0.493179 0.108262 0.704758 0.808989 0.335677 0.537212 0.680761 0.595714
0.0349056 0.84927 0.925494 0.206389 0.216985 0.661335 0.413876 0.937207 0.79837 0.409578
0.480816 0.281178 0.906207 0.869623 0.125992 0.457882 0.649419 0.0493378 0.747981 0.1708
0.412794 0.18198 0.641703 0.53747 0.54114 0.180785 0.258868 0.414689 0.873127 0.101253
0.0653288 0.865297 0.375792 0.456597 0.835516 0.419388 0.749938 0.139537 0.0932438 0.710246
0.315826 0.0618463 0.986018 0.709032 0.927723 0.748984 0.513051 0.575407 0.317305 0.36127
0.415589 0.772637 0.826627 0.249978 0.343402 0.599828 0.845331 0.0911241 0.143968 0.264614
0.603124 0.0852635 0.158664 0.488949 0.773453 0.409573 0.530245 0.776884 0.902025 0.452534
0.00372186 0.0889143 0.310311 0.551005 0.980825 0.660884 0.409294 0.160704 0.325953 0.801824
0.0571536 0.00766582 0.247514 0.966618 0.118147 0.409443 0.282537 0.00118018 0.51033 0.331239
0.618995 0.829812 0.384552 0.609425 0.174368 0.687857 0.752714 0.107384 0.608103 0.959497
0.837473 0.855103 0.291026 0.332418 0.043531 0.614046 0.262868 0.301265 0.184919 0.841911
0.687615 0.0140572 0.928454 0.126139 0.346417 0.766398 0.904551 0.771255 0.364906 0.471792
0.62369 0.632222 0.667084 0.75181 0.530049 0.770797 0.528187 0.653921 0.0852177 0.47365
0.468556 0.092303 0.850373 0.725846 0.866244 0.529422 0.392656 0.136347 0.52086 0.049458
0.415333 0.625012 0.49482 0.73335 0.593665 0.313532 0.464661 0.72774 0.44787 0.681054
0.793515 0.435345 0.298912 0.851088 0.288674 0.151423 0.520671 0.582406 0.988048 0.500244
0.631914 0.224177 0.977505 0.370078 0.0205444 0.00188267 0.438266 0.551327 0.785043 0.332323
0.808004 0.154905 0.584644 0.0577045 0.110049 0.710269 0.551891 0.106362 0.464866 0.115161
0.905173 0.575486 0.99888 0.128567 0.547002 0.822119 0.811201 0.727097 0.0624374 0.723805
0.265738 0.00879541 0.734396 0.961432 0.463193 0.803372 0.70899 0.0582387 0.933268 0.720944
0.624427 0.30314 0.826267 0.79975 0.888233 0.614439 0.218443 0.725214 0.834188 0.373049
0.951743 0.321874 0.672832 0.918522 0.983315 0.0255746 0.317403 0.130431 0.664467 0.73405
0.411116 0.0540658 0.988757 0.436227 0.720116 0.910323 0.0608319 0.431545 0.542971 0.53667
0.0821387 0.422564 0.635907 0.783139 0.0323229 0.12185 0.729839 0.0446827 0.372771 0.834173
0.907556 0.520623 0.905385 0.0297417 0.432558 0.405498 0.0681125 0.0403245 0.810587 0.801236
0.225498 0.580689 0.966492 0.396701 0.822694 0.375387 0.607044 0.486311 0.566526 0.861262
0.374179 0.577618 0.768721 0.126511 0.0484863 0.79144 0.888621 0.360548 0.787301 0.390009
0.484131 0.726917 0.28822 0.612909 0.851261 0.722346 0.234022 0.864035 0.0897837 0.409649
0.692485 0.68788 0.338436 0.357745 0.933664 0.39854 0.165119 0.740035 0.0482547 0.86796
0.895148 0.395547 0.00772932 0.42953 0.810858 0.195483 0.509393 0.266167 0.894401 0.424112
0.638324 0.278316 0.554674 0.782266 0.20299 0.573403 0.0182464 0.725539 0.0220402 0.310096
0.928568 0.965331 0.506257 0.674914 0.0877513 0.912109 0.517029 0.00938736 0.79737 0.33431
0.98039 0.219742 0.661552 0.343249 0.154029 0.0163856 0.307114 0.432507 0.980966 0.0932225
0.33624 0.0533536 0.665178 0.22395 0.647633 0.00364493 0.0361045 0.671988 0.618798 0.567385
0.905046 0.819706 0.558449 0.95023 0.111546 0.0299473 0.653679 0.694716 0.528518 0.977822
0.0639888 0.111959 0.77381 0.9926 0.0094499 0.652899 0.410896 0.782111 0.573146 0.606755
0.155119 0.0951217 0.0704892 0.712351 0.848473 0.865137 0.590607 0.865143 0.485916 0.408573
0.526314 0.115966 0.467951 0.976205 0.0465357 0.595684 0.513871 0.939063 0.157878 0.874954
0.530162 0.609294 0.597607 0.0908069 0.719089 0.0688091 0.434671 0.000256242 0.163427 0.193595
0.164208 0.494068 0.126308 0.107967 0.545132 0.785695 0.111336 0.339334 0.99029 0.673398
0.794732 0.312671 0.721251 0.956275 0.911529 0.736189 0.5029 0.732303 0.381403 0.449583
0.578486 0.426725 0.559412 0.151658 0.970247 0.798312 0.7739 0.293202 0.0329681 0.580086
0.288216 0.871637 0.0194017 0.40818 0.746173 0.772035 0.526511 0.764915 0.438452 0.173772
0.552245 0.732708 0.94886 0.0416026 0.282862 0.924183 0.727945 0.10898 0.819231 0.318529
0.811585 0.529396 0.719752 0.651821 0.408537 0.0560893 0.417377 0.504561 0.72601 0.861753
0.167163 0.32146 0.924579 0.692112 0.409399 0.560058 0.594818 0.260842 0.501919 0.188828
0.268389 0.0779358 0.137421 0.223154 0.698598 0.193327 0.982392 0.423322 0.642299 0.588967
0.762359 0.944685 0.984664 0.022699 0.743304 0.729986 0.930653 0.231683 0.281349 0.696076
0.912546 0.450419 0.176384 0.44917 0.64002 0.694494 0.658328 0.00374379 0.657213 0.814435
0.54681 0.392856 0.358928 0.963615 0.181927 0.533084 0.264394 0.86589 0.852715 0.994632
0.567043 0.859235 0.475547 0.743237 0.176291 0.614274 0.695256 0.874809 0.141857 0.421188
0.460434 0.679875 0.19301 0.97586 0.0481175 0.927922 0.273493 0.178897 0.973659 0.586936
0.437102 0.426273 0.608717 0.290052 0.645382 0.332092 0.66905 0.666475 0.0380653 0.0396255
0.477039 0.898685 0.890827 0.729241 0.972683 0.55949 0.0909768 0.337435 0.618349 0.410111
0.267876 0.0997909 0.951742 0.238335 0.625602 0.489111 0.213759 0.608172 0.339915 0.222055
0.445176 0.770225 0.787135 0.757532 0.759579 0.622312 0.30781 0.261402 0.355188 0.276652
0.833223 0.628463 0.0842227 0.468917 0.47969 0.618869 0.996839 0.174827 0.403883 0.701197
0.150477 0.823309 0.818155 0.076172 0.450802 0.789532 0.3483 0.38034 0.37938 0.608706
0.3628 0.930543 0.784877 0.950134 0.254934 0.576509 0.0017861 0.967335 0.0928186 0.0677957
0.571571 0.0767015 0.967328 0.867999 0.962797 0.18398 0.401305 0.189389 0.0366532 0.333972
0.122966 0.542807 0.908712 0.0525708 0.642986 0.063757 0.118697 0.292139 0.297666 0.236458
0.15509 0.848118 0.555144 0.525519 0.843837 0.0439822 0.634832 0.43643 0.928552 0.305299
0.318665 0.874794 0.197648 0.754314 0.166572 0.917286 0.752953 0.160266 0.591557 0.377642
0.316832 0.177069 0.411848 0.271078 0.143765 0.963656 0.215313 0.213881 0.269804 0.133102
0.0052813 0.711952 0.994336 0.255437 0.221081 0.934228 0.353333 0.521425 0.521621 0.806232
0.278243 0.923901 0.0200544 0.777503 0.384083 0.266249 0.318614 0.409531 0.536777 0.850682
0.691997 0.452396 0.425818 0.528901 0.0642095 0.219568 0.816395 0.338123 0.549008 0.632137
0.550042 0.419811 0.725371 0.662624 0.607907 0.0541782 0.133753 0.539128 0.82618 0.285522
0.734299 0.297275 0.433513 0.0466082 0.942582 0.267748 0.225413 0.340771 0.763691 0.653499
0.504301 0.156714 0.00197353 0.914356 0.976547 0.943598 0.667354 0.356606 0.523526 0.180697
0.762986 0.36235 0.0198553 0.307111 0.829837 0.161563 0.564198 0.463124 0.335318 0.8432
0.500823 0.985097 0.396666 0.198979 0.246783 0.0559039 0.597775 0.840254 0.854916 0.290547
0.0235526 0.420267 0.817686 0.976883 0.696243 0.776615 0.390618 0.995512 0.0719061 0.12297
0.386022 0.371507 0.512616 0.488069 0.522471 0.0446802 0.169089 0.759094 0.898279 0.208395
0.295333 0.33273 0.710023 0.952702 0.768244 0.509443 0.293722 0.980535 0.460889 0.360213
0.0859621 0.62879 0.116244 0.70228 0.852411 0.640747 0.261818 0.00294692 0.733631 0.479676
0.864699 0.220235 0.252587 0.867381 0.0523033 0.696518 0.713159 0.443163 0.600234 0.472828
0.131582 0.928934 0.914719 0.0681725 0.287219 0.346069 0.00900632 0.657796 0.711832 0.716142
0.858346 0.304063 0.175803 0.469514 0.320738 0.407611 0.501358 0.0700669 0.952652 0.213219
0.746618 0.924929 0.246653 0.60286 0.756354 0.196994 0.122001 0.707715 0.403244 0.891886
0.890672 0.995822 0.122543 0.185001 0.974626 0.708149 0.557771 0.57057 0.946337 0.907757
0.652881 0.498382 0.377014 0.6833 0.501619 0.854554 0.924174 0.985136 0.467358 0.368683
0.483261 0.842901 0.711679 0.688333 0.959257 0.626445 0.123247 0.972656 0.497504 0.620571
0.647833 0.80519 0.635014 0.736265 0.951601 0.488952 0.903487 0.321802 0.724055 0.357824
0.0702362 0.251608 0.939563 0.679762 0.501148 0.488518 0.478824 0.960186 0.965732 0.706415
0.0895529 0.860566 0.858275 0.905025 0.806057 0.375691 0.909588 0.313296 0.989017 0.773129
0.168344 0.0994214 0.580554 0.0487296 0.728831 0.394736 0.352546 0.720069 0.680904 0.0542195
0.754606 0.663037 0.656035 0.464212 0.725323 0.796943 0.929024 0.376289 0.182553 0.809898
0.266525 0.597401 0.602915 0.50041 0.925099 0.575998 0.701741 0.42232 0.849708 0.918716
0.0423859 0.881711 0.248233 0.036122 0.850126 0.723354 0.768986 0.695671 0.109425 0.826646
0.93222 0.716939 0.368869 0.673692 0.267205 0.513373 0.0945653 0.773834 0.941882 0.332801
0.0634862 0.0216977 0.867596 0.0828158 0.361151 0.756965 0.56168 0.617401 0.306838 0.569895
0.113733 0.0292588 0.147286 0.18509 0.263439 0.423756 0.752745 0.884793 0.374207 0.802473
0.506834 0.772826 0.966316 0.642532 0.155695 0.715794 0.366696 0.153269 0.264176 0.589932
0.919547 0.0533365 0.400822 0.966936 0.874496 0.136126 0.370133 0.060594 0.213061 0.0504897
0.785277 0.641342 0.0435313 0.38565 0.0224805 0.0291734 0.158295 0.953276 0.191527 0.741823
0.0490612 0.292769 0.172805 0.571305 0.640518 0.846285 0.846501 0.19596 0.0427311 0.584883
0.127336 0.84133 0.540677 0.579638 0.306731 0.956867 0.332394 0.987562 0.549561 0.186912
0.259834 0.839923 0.539522 0.925852 0.877559 0.415636 0.610238 0.179008 0.284836 0.589503
0.592062 0.787458 0.927806 0.523241 0.536637 0.04911 0.0850604 0.532682 0.1125 0.549438
0.745856 0.939182 0.311458 0.253472 0.12161 0.0629288 0.494841 0.0672639 0.16047 0.385881
0.242667 0.897119 0.151351 0.646609 0.718221 0.0513682 0.804772 0.311614 0.0159082 0.640959
0.434055 0.968522 0.38804 0.874453 0.0221668 0.474923 0.664531 0.628867 0.855291 0.55885
0.694284 0.493043 0.148407 0.860389 0.625983 0.583591 0.0210897 0.493164 0.483813 0.607893
0.252802 0.804175 0.452885 0.748292 0.870495 0.267726 0.869982 0.722394 0.507026 0.357635
0.779229 0.472625 0.515769 0.971876 0.314645 0.869336 0.121366 0.675017 0.0206575 0.84705
0.489035 0.0337207 0.779676 0.331563 0.94652 0.376854 0.954858 0.536997 0.556148 0.615897
0.279697 0.820306 0.961695 0.753869 0.610295 0.95521 0.966985 0.573578 0.227227 0.51178
0.620988 0.533202 0.594406 0.0773557 0.775336 0.780605 0.698196 0.93886 0.272728 0.627666
0.139553 0.724717 0.241631 0.295152 0.722184 0.597522 0.923409 0.856985 0.635568 0.862689
0.973461 0.306367 0.476553 0.25469 0.750541 0.986927 0.0479314 0.0964453 0.76613 0.927304
0.9796 0.359385 0.36094 0.949412 0.582498 0.294135 0.0958911 0.716764 0.0843195 0.365893
0.184909 0.731952 0.200886 0.303841 0.544154 0.330316 0.247021 0.967418 0.227485 0.934064
0.888248 0.563413 0.759658 0.468938 0.863135 0.632525 0.919429 0.426567 0.394462 0.186322
0.220667 0.94189 0.645156 0.585201 0.451383 0.881771 0.420171 0.239931 0.323024 0.544766
0.510806 0.723318 0.365545 0.93689 0.285731 0.189157 0.709226 0.701224 0.340198 0.298674
0.299413 0.539731 0.316482 0.713594 0.334951 0.964785 0.00710414 0.0792623 0.305026 0.19978
0.382551 0.153476 0.648008 0.126111 0.367318 0.0888762 0.527743 0.270271 0.579193 0.41722
0.374213 0.276465 0.841559 0.62165 0.156902 0.45902 0.455128 0.551129 0.289976 0.735366
0.533364 0.516271 0.184043 0.164117 0.957238 0.566626 0.872259 0.0743166 0.301597 0.975586
0.751455 0.271037 0.748073 0.282393 0.990241 0.609661 0.738021 0.461177 0.559543 0.889882
0.397642 0.40483 0.307369 0.359321 0.295815 0.540507 0.00360658 0.0898695 0.891483 0.57393
0.384933 0.6357 0.127658 0.298302 0.894269 0.456101 0.528612 0.492846 0.319452 0.489052
0.283981 0.329418 0.146591 0.249319 0.181259 0.66695 0.19944 0.105722 0.398929 0.845544
0.482009 0.311463 0.350249 0.112544 0.583342 0.788527 0.482127 0.473181 0.563504 0.411271
0.016377 0.54393 0.376759 0.0801108 0.0197159 0.993887 0.477905 0.932056 0.14745 0.363136
0.806619 0.283504 0.812242 0.678171 0.765156 0.0688291 0.273016 0.0646958 0.0553968 0.165605
0.765786 0.587082 0.847013 0.0284708 0.542933 0.292954 0.8402 0.176181 0.735805 0.284603
0.219228 0.310964 0.684095 0.505158 0.213024 0.990389 0.543746 0.604916 0.439999 0.887684
0.22014 0.141321 0.285917 0.066796 0.655247 0.559708 0.190008 0.437166 0.264486 0.617132
0.248721 0.594055 0.921738 0.860498 0.737512 0.456267 0.870601 0.985384 0.744563 0.577851
0.6378 0.883776 0.143702 0.0902402 0.123341 0.181787 0.822113 0.782565 0.399987 0.680761
0.383715 0.500468 0.227185 0.226301 0.608082 0.369853 0.36894 0.687413 0.105402 0.196018
0.0626433 0.928077 0.898909 0.239373 0.394915 0.593138 0.135424 0.121989 0.242821 0.0838768
0.629998 0.752757 0.421142 0.921007 0.266655 0.296536 0.102003 0.354066 0.556643 0.890992
0.968312 0.423357 0.395523 0.41858 0.708243 0.75159 0.507261 0.517623 0.616769 0.765788
0.150654 0.851263 0.670051 0.624497 0.242052 0.533544 0.461401 0.195845 0.713673 0.6925
0.157449 0.540131 0.552945 0.827339 0.623988 0.867715 0.896843 0.09231 0.397638 0.992496
0.845096 0.229888 0.961342 0.154991 0.929378 0.00812244 0.552543 0.274864 0.713027 0.444311
0.219778 0.550367 0.972483 0.637213 0.566697 0.251798 0.361717 0.774165 0.569065 0.949462
0.120142 0.245524 0.823065 0.957967 0.31874 0.739832 0.525392 0.370725 0.118365 0.21656
0.358921 0.0205666 0.408871 0.0416536 0.152674 0.783419 0.0817959 0.742779 0.0135107 0.11325
0.997888 0.321572 0.963171 0.856889 0.143042 0.0423553 0.0167186 0.991593 0.854593 0.500854
0.0194289 0.838131 0.545651 0.234628 0.132706 0.235538 0.25173 0.122898 0.644094 0.12499
0.340268 0.353717 0.130386 0.523327 0.633829 0.356867 0.740367 0.429864 0.382012 0.891813
0.894875 0.120727 0.492479 0.215931 0.59589 0.333864 0.884168 0.809285 0.890235 0.0765356
0.610235 0.00842093 0.0336221 0.127971 0.489542 0.588304 0.232453 0.79591 0.0662435 0.722615
0.130432 0.866184 0.986555 0.125436 0.222383 0.758044 0.213423 0.790192 0.539602 0.899037
0.912515 0.804385 0.639997 0.476632 0.966417 0.802944 0.504885 0.490411 0.283404 0.479178
0.788792 0.638517 0.577957 0.408636 0.859946 0.73125 0.738037 0.0377284 0.421779 0.767049
0.839329 0.497283 0.406613 0.38307 0.0655271 0.884477 0.416353 0.657744 0.291846 0.414038
0.419691 0.746519 0.121573 0.466948 0.287244 0.587826 0.929865 0.0723335 0.636029 0.00800824
0.54344 0.620271 0.252312 0.212701 0.485165 0.175832 0.969343 0.647383 0.569991 0.380412
0.179876 0.91741 0.772129 0.787534 0.77912 0.682015 0.092884 0.0368672 0.0942692 0.583168
0.344881 0.966835 0.388594 0.372229 0.358359 0.201556 0.941518 0.746813 0.198327 0.892956
0.106411 0.365934 0.72951 0.602859 0.975364 0.357001 0.0543971 0.453386 0.783923 0.00230317
0.618458 0.626866 0.659707 0.887197 0.748883 0.422142 0.106205 0.875701 0.354875 0.962159
0.0218886 0.425408 0.231498 0.425546 0.13916 0.125805 0.469708 0.400992 0.738934 0.713639
0.653562 0.0953007 0.287744 0.816735 0.987073 0.437688 0.617129 0.934364 0.972753 0.558252
0.156806 0.182023 0.451414 0.160894 0.24601 0.39087 0.840419 0.589334 0.967393 0.267845
0.462324 0.91159 0.0811487 0.835933 0.135848 0.564613 0.560689 0.243286 0.911859 0.38213
0.362935 0.496814 0.534868 0.666831 0.38028 0.898725 0.721382 0.918491 0.940266 0.847096
0.619923 0.0760898 0.832482 0.663128 0.93285 0.587137 0.110174 0.73058 0.273051 0.607214
0.353743 0.810955 0.395024 0.906334 0.374271 0.445969 0.927702 0.34278 0.731364 0.780207
0.494734 0.522304 0.899534 0.96844 0.138819 0.878047 0.857267 0.960613 0.791004 0.0374419
0.0853605 0.991799 0.489741 0.754385 0.422515 0.816553 0.864424 0.494431 0.528453 0.173053
0.0411051 0.534152 0.818701 0.926468 0.973476 0.761669 0.362858 0.760724 0.206331 0.69634
0.533976 0.156634 0.164003 0.563919 0.394717 0.328233 0.8716 0.222261 0.664627 0.139229
0.139423 0.393851 0.280157 0.685926 0.638156 0.323779 0.0697257 0.0489685 0.123598 0.704836
0.440598 0.244597 0.115904 0.827953 0.189332 0.249454 0.24214 0.335527 0.822625 0.289943
0.0687159 0.245868 0.822353 0.985712 0.277723 0.547538 0.747946 0.370516 0.65614 0.491109
0.509798 0.996551 0.744031 0.198562 0.735184 0.577877 0.235862 0.334098 0.938878 0.384494
0.519088 0.814969 0.244446 0.464204 0.54547 0.639539 0.857976 0.325082 0.437412 0.45723
0.538175 0.507955 0.253812 0.244169 0.626436 0.359837 0.0066236 0.881469 0.277089 0.933973
0.234884 0.595788 0.281935 0.0264117 0.653608 0.460032 0.621498 0.423639 0.198702 0.396229
0.2997 0.658748 0.874783 0.368521 0.546997 0.485663 0.906014 0.0857712 0.74291 0.520396
0.42929 0.613101 0.388131 0.194264 0.163671 0.279048 0.419763 0.0960259 0.109121 0.647203
0.406543 0.694915 0.996593 0.0349223 0.70962 0.287404 0.364683 0.516656 0.812585 0.35096
0.0829053 0.828234 0.462834 0.275657 0.908227 0.60034 0.536095 0.6461 0.230892 0.876399
0.221372 0.970604 0.549829 0.894526 0.592067 0.344451 0.109299 0.506667 0.307236 0.921605
0.597427 0.982849 0.503519 0.162427 0.66589 0.0927148 0.534383 0.590117 0.901605 0.684871
0.381275 0.64651 0.924356 0.233878 0.407009 0.974985 0.321495 0.81839 0.889323 0.0728543
0.49928 0.967482 0.41245 0.0278817 0.815871 0.103685 0.258661 0.795688 0.246898 0.617763
0.0152952 0.602029 0.106176 0.362168 0.92626 0.721703 0.588285 0.419456 0.893417 0.82953
0.423168 0.917255 0.636976 0.337425 0.524526 0.0869352 0.728467 0.92456 0.299099 0.458351
0.0918462 0.335376 0.232496 0.334066 0.704588 0.619678 0.230209 0.718474 0.966682 0.162151
0.964774 0.506211 0.0428267 0.313823 0.426116 0.220092 0.996602 0.572662 0.635557 0.807181
0.28526 0.500084 0.964774 0.523004 0.912398 0.125743 0.465333 0.898416 0.526943 0.466554
0.949751 0.750532 0.0807601 0.0916471 0.0151505 0.827362 0.332525 0.66714 0.152011 0.343087
0.992293 0.117063 0.0945007 0.206439 0.705494 0.779695 0.127179 0.0947256 0.53542 0.859369
0.0478387 0.588805 0.46834 0.471597 0.27574 0.266299 0.0245829 0.961989 0.92705 0.0547446
0.665867 0.695997 0.116419 0.390366 0.0757465 0.160347 0.658333 0.96981 0.933503 0.584099
0.931055 0.356561 0.522213 0.00367409 0.325344 0.382846 0.914802 0.347125 0.658743 0.897172
0.227688 0.226359 0.815817 0.531106 0.0129491 0.986239 0.971089 0.986727 0.479732 0.324395
0.0987612 0.121676 0.395478 0.877443 0.985317 0.410435 0.632624 0.00595137 0.211453 0.927095
0.469082 0.534391 0.650445 0.174419 0.830306 0.800448 0.396946 0.956205 0.0167586 0.162027
0.596433 0.670375 0.887428 0.633383 0.205248 0.2858 0.718709 0.787755 0.632117 0.900278
0.178047 0.63757 0.568813 0.618756 0.993312 0.444014 0.581931 0.604096 0.788287 0.785461
0.23232 0.957512 0.209059 0.883916 0.728103 0.233279 0.525226 0.250244 0.522166 0.671374
0.639649 0.857893 0.609087 0.334858 0.190543 0.918135 0.375982 0.872879 0.300742 0.133871
0.245567 0.808602 0.124226 0.393158 0.122289 0.214653 0.472749 0.0143377 0.617149 0.677401
0.455012 0.827697 0.865644 0.848738 0.893787 0.694637 0.483338 0.00973249 0.655989 0.284424
0.738805 0.870142 0.00347306 0.162868 0.998311 0.140899 0.680539 0.753578 0.285333 0.181611
0.937429 0.375065 0.989677 0.235846 0.0916586 0.773723 0.596437 0.163467 0.623332 0.279072
0.323151 0.841014 0.685808 0.868342 0.0138658 0.903757 0.350019 0.556263 0.412089 0.675546
0.637173 0.575135 0.270408 0.588277 0.717893 0.568037 0.299612 0.0436394 0.0558724 0.232583
0.952724 0.392557 0.938327 0.756305 0.718549 0.761312 0.295519 0.187089 0.630509 0.492612
0.520369 0.03862 0.354031 0.626818 0.108133 0.840735 0.342807 0.944883 0.773301 0.0675222
0.985237 0.808043 0.948201 0.738869 0.701355 0.478154 0.145043 0.142817 0.0856967 0.575464
0.668609 0.705246 0.416579 0.425091 0.275651 0.612734 0.62523 0.855334 0.828818 0.983319
0.698846 0.616511 0.0493146 0.411784 0.439296 0.00272795 0.808904 0.907825 0.872047 0.232814
5.14098e-06 0.926121 0.454057 0.099901 0.520105 0.136914 0.511474 0.113355 0.525345 0.695568
0.826621 0.0492944 0.621729 0.353875 0.309593 0.694113 0.000475271 0.302653 0.38582 0.414215
0.720421 0.592102 0.830973 0.518894 0.0677627 0.531693 0.0748804 0.869915 0.696299 0.276928
0.102028 0.361434 0.188447 0.0576941 0.589301 0.357264 0.376248 0.936239 0.816985 0.789702
0.288845 0.92623 0.111852 0.115877 0.9022 0.0234267 0.450784 0.131117 0.0793577 0.159406
0.847212 0.448718 0.924272 0.214091 0.36822 0.305059 0.68114 0.454017 0.494545 0.368966
0.389419 0.900307 0.0392521 0.964719 0.33065 0.0170147 0.648135 0.0446211 0.662313 0.360669
0.635267 0.288918 0.476196 0.0853423 0.353057 0.0548706 0.434739 0.793349 0.741376 0.0631545
0.427972 0.382568 0.370436 0.986851 0.366518 0.446408 0.0404602 0.0140457 0.465829 0.503054
0.835636 0.794752 0.993382 0.838071 0.66228 0.693298 0.691567 0.104509 0.355798 0.37439
0.0774822 0.473985 0.751052 0.975508 0.420035 0.435294 0.265393 0.275872 0.222326 0.0111805
0.936256 0.714326 0.903758 0.966602 0.664743 0.893754 0.329329 0.952046 0.424892 0.504321
0.836716 0.876535 0.191504 0.369298 0.410724 0.525542 0.794218 0.0026623 0.414623 0.803769
0.0501362 0.291681 0.501749 0.920173 0.590719 0.13592 0.0137452 0.781597 0.975171 0.65304
0.674436 0.533481 0.653584 0.833014 0.966059 0.054578 0.474757 0.23807 0.205062 0.2778
0.291625 0.100347 0.972767 0.120721 0.915855 0.459753 0.29192 0.884804 0.246783 0.411545
0.287586 0.843294 0.886586 0.48475 0.609819 0.196606 0.536451 0.841043 0.322736 0.768438
0.236224 0.56938 0.114262 0.426232 0.354988 0.0673322 0.825244 0.607949 0.314399 0.308733
0.975618 0.324904 0.861349 0.37062 0.925657 0.5963 9.38559e-06 0.146683 0.425824 0.193231
0.603819 0.362253 0.0975172 0.246779 0.511133 0.757741 0.262097 0.77133 0.943858 0.536154
0.959763 0.550629 0.190584 0.129724 0.258775 0.434812 0.806227 0.0510795 0.112938 0.468473
0.0260384 0.614377 0.816949 0.755093 0.304697 0.235156 0.375733 0.850943 0.953704 0.189311
0.270286 0.168225 0.517333 0.110801 0.0545145 0.570714 0.616308 0.362438 0.708059 0.492936
0.899443 0.429438 0.929377 0.271044 0.505647 0.142754 0.618076 0.3325 0.485357 0.983953
0.807867 0.128014 0.378083 0.120825 0.651505 0.0703804 0.710651 0.341987 0.417013 0.756634
0.511448 0.671556 0.595793 0.462374 0.978285 0.822812 0.755601 0.390993 0.58208 0.667092
0.58753 0.499494 0.462176 0.436555 0.121004 0.218463 0.119213 0.573942 0.0981494 0.768701
0.398232 0.934815 0.437113 0.524773 0.603188 0.13243 0.861235 0.983395 0.983566 0.791049
0.85479 0.733499 0.249195 0.509752 0.133534 0.331017 0.118496 0.119619 0.197626 0.932337
0.196076 0.706558 0.295132 0.581058 0.952491 0.469554 0.266182 0.289648 0.981412 0.0596582
0.0625589 0.584582 0.0255019 0.863721 0.230017 0.140573 0.0687722 0.15411 0.194025 0.905813
0.0425115 0.18734 0.158215 0.657086 0.203768 0.57768 0.144298 0.137116 0.34468 0.714303
0.568576 0.82293 0.921667 0.736463 0.721634 0.450603 0.652294 0.0492648 0.351806 0.985247
0.787461 0.618995 0.854986 0.55073 0.81804 0.755611 0.320307 0.316851 0.485923 0.572747
0.90326 0.109642 0.53606 0.733834 0.289784 0.471289 0.433245 0.227959 0.316757 0.450222
0.484858 0.45813 0.138406 0.610025 0.261511 0.295744 0.285235 0.785997 0.266995 0.200277
0.818776 0.920508 0.512039 0.250639 0.560026 0.491597 0.887362 0.236189 0.128129 0.511953
0.479075 0.479192 0.639569 0.863714 0.378589 0.00126022 0.106161 0.228512 0.441174 0.682923
0.699114 0.903669 0.39093 0.0565923 0.362621 0.450323 0.006005 0.25533 0.267922 0.465003
0.0267639 0.114708 0.737303 0.109036 0.782646 0.207801 0.509188 0.552715 0.165325 0.745303
0.676812 0.2202 0.576972 0.877923 0.840797 0.905111 0.238168 0.755551 0.554939 0.765688
0.439905 0.665935 0.747146 0.844069 0.965565 0.90189 0.162848 0.681512 0.891821 0.278414
0.966812 0.134341 0.0739945 0.387281 0.652401 0.265669 0.870113 0.983407 0.767877 0.0311303
0.172334 0.545397 0.0793571 0.443903 0.883336 0.441206 0.914818 0.45757 0.795847 0.0954006
0.18816 0.645652 0.12122 0.768621 0.609895 0.174168 0.833267 0.764946 0.584811 0.587654
0.10945 0.86157 0.107465 0.783751 0.0726461 0.130269 0.59058 0.537668 0.519273 0.124286
0.890691 0.424798 0.0740254 0.380239 0.897949 0.270214 0.438001 0.888237 0.152897 0.973819
0.0909904 0.147502 0.607124 0.94293 0.723861 0.794309 0.986706 0.795119 0.968644 0.167478
0.370211 0.758776 0.806674 0.745228 0.100556 0.531984 0.702979 0.522319 0.650148 0.770348
0.0471015 0.551745 0.26183 0.789526 0.634209 0.231285 0.33879 0.5001 0.23537 0.229708
0.104581 0.36136 0.761133 0.0488864 0.226491 0.784305 0.684764 0.177268 0.693031 0.5671
0.41217 0.525397 0.332239 0.289555 0.0491583 0.0770103 0.830223 0.0080769 0.766399 0.412462
0.760823 0.36789 0.873627 0.249228 0.845934 0.153928 0.93989 0.692229 0.381751 0.885219
0.813975 0.817415 0.533788 0.0511322 0.0717166 0.525017 0.18877 0.661025 0.0785797 0.0950841
0.648928 0.976074 0.966089 0.751695 0.540309 0.0657343 0.0418385 0.793286 0.77106 0.890827
0.93358 0.332171 0.420538 0.036203 0.724099 0.219603 0.381388 0.724064 0.324489 0.268032
0.477917 0.774383 0.87032 0.619505 0.243869 0.0605659 0.561657 0.662104 0.636323 0.590056
0.130101 0.633237 0.200883 0.868619 0.866871 0.0437884 0.398087 0.95841 0.530863 0.693954
0.489151 0.63101 0.512205 0.356661 0.321952 0.545414 0.106476 0.771747 0.615875 0.0847392
0.361549 0.448406 0.756954 0.237458 0.393165 0.991252 0.659261 0.405002 0.411558 0.0976153
0.937168 0.0826104 0.89293 0.482836 0.837173 0.438195 0.839241 0.8629 0.834741 0.304569
0.678478 0.212573 0.171456 0.512135 0.498073 0.855652 0.488995 0.928073 0.317497 0.16406
0.654402 0.173104 0.498907 0.721797 0.850741 0.949146 0.537627 0.154263 0.865798 0.892953
0.971431 0.988877 0.631579 0.991142 0.608168 0.960951 0.414942 0.357173 0.826973 0.36818
0.757975 0.64243 0.432147 0.597742 0.528396 0.556955 0.907548 0.517671 0.303595 0.0663651
0.474951 0.79644 0.543891 0.730459 0.901178 0.458629 0.745724 0.628932 0.00935611 0.6039
0.874708 0.507018 0.844834 0.228311 0.818751 0.351005 0.46852 0.764056 0.491581 0.34412
0.270772 0.93941 0.881634 0.0740804 0.0928317 0.769706 0.809364 0.123167 0.218605 0.851547
0.954344 0.362204 0.122249 0.0990176 0.708991 0.589897 0.611056 0.880399 0.819972 0.555919
0.452042 0.614215 0.11957 0.44871 0.87901 0.143959 0.00711808 0.779471 0.196378 0.401041
0.751963 0.845075 0.977992 0.507236 0.549736 0.709278 0.762202 0.250394 0.181117 0.662121
0.683217 0.135642 0.8419 0.882133 0.95005 0.706166 0.694224 0.483761 0.125352 0.834733
0.16398 0.722393 0.472423 0.561045 0.602169 0.547858 0.78038 0.925158 0.827365 0.960817
0.795084 0.000797602 0.497778 0.32422 0.0172993 0.404589 0.766963 0.10235 0.417549 0.358806
0.57627 0.388475 0.146887 0.421869 0.152484 0.0180717 0.387918 0.411204 0.996293 0.770948
0.914075 0.473974 0.477965 0.365887 0.593018 0.654667 0.394711 0.77116 0.132774 0.75474
0.422768 0.763382 0.242383 0.115065 0.552019 0.966426 0.989606 0.0735508 0.17274 0.677024
0.698228 0.32696 0.248117 0.936808 0.207549 0.622664 0.544228 0.523753 0.115923 0.869236
0.952227 0.461424 0.819778 0.388717 0.773482 0.465385 0.405466 0.881929 0.316614 0.398393
0.60399 0.675888 0.916256 0.39904 0.430983 0.518098 0.741811 0.0152448 0.310166 0.060917
0.832107 0.827057 0.945523 0.306858 0.178749 0.166272 0.633508 0.135576 0.249393 0.722725
0.947925 0.974811 8.9092e-05 0.261697 0.636097 0.426867 0.386343 0.275205 0.265192 0.900041
0.999097 0.496785 0.177381 0.97054 0.0641855 0.397836 0.751408 0.0953419 0.988494 0.842735
0.722923 0.522406 0.934804 0.112908 0.629695 0.39837 0.358167 0.750021 0.329058 0.856258
0.535802 0.0919001 0.758036 0.442814 0.0678135 0.604331 0.658199 0.0827589 0.376546 0.199254
0.28538 0.0579418 0.877061 0.439048 0.199348 0.403452 0.670601 0.130235 0.599994 0.839869
0.883313 0.263166 0.396431 0.65207 0.92427 0.686419 0.0916865 0.941357 0.654275 0.921849
0.138554 0.106076 0.818594 0.284568 0.416666 0.0613291 0.319547 0.89545 0.290213 0.797279
0.796121 0.921992 0.844821 0.921902 0.175398 0.348159 0.387499 0.932251 0.642062 0.184141
0.100837 0.20799 0.96009 0.723479 0.875187 0.661366 0.0486976 0.536314 0.448813 0.899172
0.630881 0.0910938 0.365521 0.179668 0.708612 0.708148 0.602344 0.161787 0.659655 0.308747
0.590849 0.481143 0.820712 0.713561 0.73168 0.0788176 0.343 0.0879526 0.600736 0.337475
0.813824 0.830432 0.302262 0.853068 0.365479 0.979331 0.466518 0.46811 0.586298 0.660507
0.302221 0.715098 0.599521 0.48795 0.110188 0.120682 0.951373 0.779447 0.746245 0.354023
0.846079 0.701056 0.882675 0.178845 0.382435 0.407193 0.615115 0.3679 0.714437 0.422009
0.534283 0.888179 0.0403099 0.391691 0.166857 0.364996 0.654108 0.391417 0.312922 0.79737
0.749828 0.170093 0.745811 0.63401 0.738663 0.686061 0.426979 0.666376 0.177019 0.97149
0.107544 0.369936 0.489493 0.0683515 0.415847 0.843294 0.298498 0.470234 0.354319 0.612733
0.585937 0.836398 0.618537 0.536551 0.104196 0.485389 0.663701 0.880541 0.307365 0.900992
0.242917 0.725291 0.145685 0.80178 0.404365 0.711325 0.947769 0.829274 0.636195 0.795439
0.504758 0.947554 0.49746 0.344443 0.703268 0.962973 0.813891 0.271581 0.773011 0.146847
0.579767 0.0599783 0.711758 0.0723065 0.0520899 0.949031 0.731499 0.0355176 0.356698 0.427295
0.727833 0.853053 0.407854 0.0855412 0.750444 0.408864 0.479709 0.168919 0.0805715 0.965677
0.290121 0.877213 0.62955 0.047493 0.823926 0.727065 0.123668 0.216753 0.141313 0.173548
0.207733 0.689095 0.423003 0.448695 0.560343 0.304591 0.78475 0.141225 0.986013 0.905628
0.962885 0.56507 0.0735682 0.3567 0.817759 0.94085 0.0969681 0.676445 0.760842 0.101831
0.0250666 0.053893 0.525718 0.752783 0.320106 0.688962 0.950889 0.407916 0.582995 0.78394
0.626289 0.0637694 0.148998 0.094989 0.141737 0.430473 0.394625 0.807731 0.92686 0.553486
0.164358 0.0950074 0.726911 0.503582 0.229838 0.213414 0.418501 0.72071 0.315402 0.59282
0.316665 0.750949 0.339746 0.719878 0.509997 0.299465 0.816893 0.169821 0.821758 0.51157
0.038838 0.801256 0.778623 0.48316 0.237931 0.986413 0.323525 0.631685 0.569811 0.859706
0.673887 0.460147 0.0926675 0.337668 0.0426849 0.226084 0.767546 0.0911303 0.882564 0.731874
0.92069 0.690696 0.304153 0.881079 0.559746 0.21164 0.523278 0.269968 0.926316 0.0696585
0.932311 0.565365 0.421342 0.0145024 0.874195 0.0714438 0.612361 0.161534 0.97422 0.625884
0.642771 0.954545 0.149672 0.985287 0.964976 0.201476 0.327447 0.257712 0.377531 0.375525
0.0688926 0.192158 0.339191 0.0580674 0.818828 0.201482 0.335646 0.279322 0.859564 0.933836
0.0117945 0.701662 0.871654 0.168999 0.403168 0.73826 0.000424544 0.623947 0.736905 0.693123
0.921993 0.786027 0.914585 0.693771 0.780668 0.19557 0.462386 0.208222 0.0703952 0.641378
0.715579 0.488226 0.411513 0.851341 0.533347 0.0295979 0.184123 0.675033 0.807236 0.771729
0.698045 0.50226 0.0847306 0.878044 0.233443 0.00814448 0.969574 0.420956 0.0394841 0.799093
0.438575 0.619411 0.460391 0.479849 0.965022 0.682525 0.72696 0.739379 0.978191 0.937271
0.314046 0.0292698 0.231036 0.546545 0.112906 0.599333 0.14737 0.865989 0.498508 0.511717
0.800075 0.437092 0.265912 0.241311 0.976528 0.0302744 0.079682 0.00515167 0.166804 0.602381
0.791127 0.0688527 0.417451 0.661877 0.607631 0.535857 0.077479 0.211846 0.623373 0.812442
0.823091 0.399594 0.360819 0.965499 0.70507 0.21433 0.566596 0.584586 0.125691 0.493375
0.968927 0.892471 0.216045 0.626594 0.252775 0.447263 0.201406 0.757296 0.685489 0.893823
0.228687 0.922162 0.649314 0.13717 0.205727 0.767894 0.946721 0.673732 0.190023 0.336146
0.420477 0.26482 0.797707 0.735297 0.453726 0.135085 0.494097 0.164043 0.671093 0.171645
0.468187 0.661769 0.945703 0.164513 0.633774 0.868005 0.935217 0.645619 0.314709 0.122355
0.593239 0.771992 0.093601 0.6402 0.196459 0.560926 0.418371 0.997243 0.449145 0.53307
0.300248 0.551815 0.227429 0.51113 0.856078 0.777677 0.500146 0.223179 0.138833 0.505483
0.74026 0.331612 0.669412 0.401891 0.284673 0.513523 0.784874 0.943575 0.926067 0.703395
0.185193 0.175903 0.890742 0.410853 0.632339 0.298616 0.216602 0.675191 0.156821 0.98637
0.464359 0.691152 0.0981118 0.512915 0.846631 0.133097 0.726172 0.249496 0.0441854 0.540901
0.0220913 0.692998 0.779647 0.10052 0.41442 0.116423 0.255445 0.906669 0.227556 0.66886
0.596858 0.650151 0.464638 0.439373 0.131688 0.822304 0.789182 0.356002 0.221156 0.819947
0.472852 0.283614 0.407991 0.142503 0.668552 0.210148 0.150435 0.744337 0.246737 0.715357
0.37308 0.509712 0.576098 0.546636 0.630879 0.632129 0.440114 0.750134 0.763733 0.957229
0.54633 0.499372 0.403732 0.0416393 0.494434 0.626497 0.460376 0.606729 0.00629061 0.293903
0.829573 0.64847 0.126335 0.0811704 0.95314 0.304003 0.513903 0.565947 0.464452 0.0790007
0.957993 0.127426 0.367709 0.786995 0.861375 0.899096 0.0298776 0.783761 0.687913 0.734008
0.679243 0.892412 0.131415 0.608552 0.810487 0.901919 0.906679 0.840864 0.548952 0.297191
0.837561 0.753388 0.313363 0.782156 0.405143 0.88465 0.419905 0.99916 0.0681555 0.687281
0.00284723 0.00145478 0.835281 0.0867038 0.0505495 0.76164 0.527915 0.394493 0.69729 0.792463
0.680209 0.591208 0.559958 0.992639 0.151632 0.536795 0.714988 0.136445 0.0650968 0.96825
0.364981 0.38026 0.4222 0.365407 0.363908 0.555787 0.720064 0.498902 0.0160276 0.199847
0.976052 0.411652 0.825948 0.564259 0.605145 0.534507 0.392405 0.772439 0.917292 0.226284
0.88136 0.936008 0.587474 0.361686 0.996024 0.805697 0.519728 0.782617 0.182517 0.259698
0.527174 0.626903 0.71866 0.341183 0.228179 0.777298 0.692093 0.164948 0.825143 0.650685
0.158503 0.922856 0.147469 0.465827 0.151996 0.19782 0.117934 0.182893 0.360643 0.305505
0.846797 0.709013 0.512067 0.615576 0.298005 0.227218 0.790107 0.245387 0.490344 0.327868
0.444253 0.566563 0.648753 0.664571 0.765056 0.0107912 0.168165 0.193987 0.894826 0.787129
0.365005 0.568264 0.551283 0.202115 0.539215 0.243787 0.667999 0.0410302 0.873342 0.638338
0.845563 0.943488 0.77279 0.0975776 0.067895 0.000976722 0.568724 0.671644 0.141296 0.165329
0.0748072 0.797945 0.053795 0.770387 0.679481 0.715548 0.78866 0.977745 0.679551 0.942217
0.0331639 0.524437 0.52677 0.973822 0.782326 0.00279091 0.569438 0.175261 0.583626 0.277693
0.694536 0.81172 0.584454 0.218184 0.496649 0.444875 0.131768 0.821132 0.82996 0.273686
0.0102809 0.0237195 0.77796 0.131931 0.59375 0.512975 0.127715 0.621349 0.716179 0.369044
0.209135 0.983972 0.239028 0.0787142 0.224075 0.831494 0.304832 0.681556 0.450448 0.887514
0.942415 0.804565 0.219389 0.555459 0.581356 0.563077 0.928591 0.714953 0.215684 0.718246
0.28776 0.262731 0.7466 0.634404 0.04135 0.926703 0.248834 0.788535 0.00904975 0.117969
0.240507 0.860699 0.126909 0.443033 0.686114 0.700798 0.195807 0.605345 0.0731615 0.89846
0.8926 0.15676 0.726915 0.567117 0.668671 0.37538 0.799946 0.786492 0.997353 0.701112
0.242618 0.26295 0.0358387 0.397483 0.370274 0.330654 0.186271 0.923405 0.131395 0.734901
0.404202 0.123876 0.881811 0.735532 0.0981359 0.448364 0.898679 0.133381 0.21793 0.163934
0.457947 0.948168 0.624425 0.420837 0.290836 0.558526 0.0334651 0.0858341 0.325412 0.0253371
0.833042 0.200086 0.330308 0.142409 0.617672 0.960303 0.525317 0.795915 0.561764 0.267667
0.612974 0.13936 0.800067 0.934126 0.369928 0.911114 0.727053 0.778654 0.594038 0.558568
0.993476 0.410788 0.630661 0.107293 0.655908 0.879784 0.691423 0.565596 0.915364 0.472065
0.773645 0.412807 0.249368 0.519739 0.998212 0.902638 0.345937 0.95652 0.0658418 0.708309
0.213908 0.176986 0.503711 0.109556 0.150103 0.64041 0.528183 0.41748 0.243641 0.0840925
0.839882 0.823193 0.800808 0.0993933 0.480348 0.735862 0.0599072 0.972412 0.334355 0.624456
0.0991246 0.769755 0.809836 0.134799 0.93865 0.460543 0.195776 0.914816 0.783726 0.899809
0.853698 0.544154 0.043976 0.550752 0.434604 0.313762 0.489177 0.405073 0.768024 0.325152
0.735371 0.89607 0.583772 0.187279 0.154683 0.0397042 0.0172292 0.571825 0.805611 0.402169
0.477127 0.670699 0.274747 0.355269 0.794036 0.519934 0.671729 0.940515 0.293286 0.822035
0.490797 0.379842 0.885629 0.12704 0.70301 0.180771 0.757241 0.49422 0.478432 0.189852
0.691822 0.980974 0.0710798 0.233483 0.624992 0.64573 0.150643 0.222154 0.625759 0.911304
0.869644 0.478059 0.935439 0.213508 0.379394 0.506003 0.505609 0.223327 0.348461 0.0420234
0.0322672 0.310846 0.305709 0.88928 0.108513 0.773086 0.562283 0.54519 0.235113 0.685154
0.841786 0.919084 0.151899 0.332606 0.443806 0.805141 0.906694 0.678528 0.286348 0.982639
0.383693 0.379936 0.057185 0.488593 0.868586 0.567784 0.384784 0.89984 0.667447 0.982779
0.739375 0.234103 0.252167 0.310651 0.0816076 0.0432627 0.780803 0.460157 0.313736 0.462518
0.738899 0.176492 0.477735 0.848922 0.26333 0.679011 0.348633 0.646597 0.497377 0.262734
0.897018 0.548809 0.933494 0.518592 0.561706 0.95347 0.87627 0.83239 0.906106 0.971631
0.384953 0.661978 0.969963 0.494181 0.755482 0.99711 0.19098 0.938167 0.52581 0.0495393
0.697687 0.631254 0.128492 0.0469852 0.144646 0.605889 0.665891 0.339856 0.506183 0.341119
0.838151 0.478156 0.0588047 0.141985 0.463756 0.505801 0.872272 0.50275 0.261338 0.436041
0.351452 0.56423 0.495759 0.506234 0.978808 0.561628 0.205297 0.276342 0.465705 0.415047
0.717856 0.0518187 0.482943 0.520706 0.936689 0.32308 0.540538 0.495428 0.663679 0.51121
0.305481 0.80295 0.011002 0.38438 0.0928133 0.269824 0.118398 0.231066 0.980682 0.793239
0.0179902 0.359254 0.856452 0.402878 0.324329 0.293804 0.738454 0.704373 0.754183 0.509253
0.6884 0.338549 0.126757 0.5993 0.450096 0.880036 0.0957273 0.666297 0.450593 0.4864
0.0131951 0.321157 0.0803266 0.441918 0.865192 0.133704 0.140126 0.102484 0.807771 0.6884
0.404259 0.418098 0.680631 0.21368 0.267999 0.917439 0.817714 0.201734 0.0929237 0.876722
0.989412 0.962654 0.543072 0.78704 0.750807 0.824999 0.806808 0.852105 0.135416 0.741108
0.399721 0.987987 0.430715 0.418756 0.671214 0.877354 0.260987 0.443904 0.270172 0.993232
0.37114 0.134804 0.00551713 0.416496 0.409689 0.726126 0.419223 0.436432 0.125674 0.0771479
0.372495 0.446837 0.725293 0.491332 0.0951625 0.769496 0.950748 0.119554 0.914436 0.153448
0.912695 0.657092 0.496926 0.586743 0.531102 0.777503 0.043495 0.120421 0.775911 0.0680858
0.340675 0.196819 0.792037 0.951911 0.10857 0.187342 0.304897 0.628974 0.11129 0.859618
0.48514 0.62777 0.851459 0.0136924 0.07342 0.170563 0.0313168 0.481801 0.650913 0.1958
0.856696 0.490975 0.676178 0.343826 0.436699 0.888755 0.463213 0.696713 0.424614 0.28408
0.34134 0.407037 0.484027 0.0838436 0.831051 0.327211 0.376374 0.538151 0.981504 0.22877
0.697486 0.349037 0.550494 0.0624691 0.724735 0.419697 0.400609 0.926639 0.418415 0.434803
0.629395 0.786097 0.818695 0.676641 0.185965 0.86975 0.436815 0.374682 0.898831 0.971423
0.917688 0.695729 0.993425 0.151257 0.429471 0.328291 0.367378 0.266072 0.0443579 0.626331
0.629698 0.421579 0.716014 0.646322 0.506511 0.586019 0.497478 0.0220766 0.181473 0.303032
0.959709 0.686291 0.21654 0.763096 0.290613 0.530715 0.505232 0.191767 0.693843 0.238963
0.3 0.157885 0.386476 0.408345 0.153153 0.153178 0.260621 0.621385 0.0273399 0.71937
0.231475 0.626171 0.0922692 0.680375 0.757372 0.897735 0.824496 0.459744 0.93568 0.272122
0.483821 0.21001 0.724484 0.876401 0.911034 0.971075 0.32623 0.389112 0.0661456 0.0552372
0.653583 0.720822 0.843575 0.399413 0.351595 0.473222 0.364347 0.660591 0.434403 0.843119
0.714794 0.974791 0.778623 0.576332 0.228032 0.782146 0.799544 0.821538 0.685943 0.821011
0.620633 0.7916 0.728333 0.309235 0.0808416 0.393843 0.663983 0.20848 0.906101 0.745514
0.554219 0.436046 0.991391 0.162806 0.757137 0.631184 0.0774042 0.437686 0.29984 0.789651
0.743856 0.460787 0.166922 0.805733 0.527417 0.587162 0.118227 0.0482421 0.833707 0.91691
0.841812 0.459215 0.0475947 0.0824171 0.945992 0.901507 0.82913 0.912247 0.658884 0.357097
0.269522 0.432369 0.508214 0.745078 0.655585 0.0777146 0.735853 0.122819 0.150411 0.460952
0.865658 0.839919 0.758225 0.79755 0.00203281 0.964076 0.559517 0.133175 0.0835849 0.909241
0.183966 0.912579 0.293556 0.906463 0.134557 0.999111 0.199143 0.845438 0.526401 0.381278
0.709706 0.887002 0.722102 0.203411 0.275417 0.987531 0.985623 0.426402 0.223026 0.532412
0.55956 0.457126 0.604008 0.886637 0.0443183 0.218948 0.0450024 0.0488371 0.749563 0.658666
0.0750661 0.0038778 0.0539564 0.842379 0.618989 0.2232 0.710626 0.349813 0.428967 0.411244
0.464538 0.654341 0.0099029 0.915405 0.147412 0.283322 0.429308 0.975692 0.495291 0.0452964
0.341707 0.625127 0.344884 0.48037 0.860538 0.383943 0.695085 0.879981 0.762917 0.721636
0.427704 0.133853 0.705536 0.760332 0.0347581 0.462584 0.0628624 0.246458 0.0633721 0.713613
0.539769 0.324219 0.516075 0.146804 0.983596 0.350891 0.497528 0.193499 0.794751 0.426304
0.201304 0.455129 0.801871 0.823424 0.423777 0.0823996 0.761365 0.288198 0.319857 0.408977
0.83328 0.14702 0.155878 0.401318 0.134397 0.614184 0.920183 0.445788 0.313552 0.15183
0.160841 0.456274 0.666982 0.832929 0.560553 0.588253 0.999005 0.334889 0.999194 0.696591
0.786708 0.0163516 0.098565 0.790624 0.442597 0.44646 0.303349 0.550638 0.368605 0.939848
0.404419 0.232618 0.968344 0.300239 0.266969 0.162787 0.113801 0.572805 0.9028 0.280585
0.413407 0.501938 0.845718 0.944776 0.415548 0.575035 0.768209 0.0790815 0.258787 0.279854
0.316039 0.245096 0.1707 0.809535 0.22464 0.941147 0.522572 0.780445 0.822324 0.303134
0.187614 0.441186 0.772462 0.959744 0.547319 0.617557 0.786628 0.39858 0.711221 0.0666215
0.358045 0.703522 0.031676 0.508373 0.0284974 0.223577 0.433808 0.555145 0.799814 0.45949
0.780715 0.631257 0.2283 0.847895 0.01759 0.452018 0.825434 0.205502 0.263069 0.417735
0.967032 0.225664 0.814876 0.469588 0.973763 0.170822 0.447007 0.384436 0.986573 0.272104
0.609162 0.595766 0.488549 0.154526 0.553393 0.828671 0.455074 0.932411 0.0168676 0.309991
0.351526 0.961352 0.216558 0.680948 0.865689 0.00539488 0.670182 0.238748 0.991273 0.984074
0.0319478 0.643411 0.190938 0.906916 0.816461 0.689957 0.251329 0.807379 0.756006 0.954573
0.82353 0.315189 0.522444 0.141667 0.651598 0.42337 0.922927 0.805875 0.245015 0.0264395
0.46454 0.811126 0.791873 0.629068 0.345051 0.260322 0.0336303 0.814097 0.644509 0.723213
0.57338 0.317357 0.84808 0.997703 0.785897 0.165987 0.239417 0.795812 0.256572 0.416208
0.443003 0.911067 0.77653 0.631403 0.402987 0.800178 0.670829 0.17155 0.992641 0.161404
0.262586 0.517351 0.638551 0.853629 0.520417 0.958495 0.645895 0.534056 0.595804 0.988024
0.995581 0.362568 0.766607 0.638255 0.163544 0.0166511 0.263468 0.427359 0.13212 0.0675369
0.677899 0.487877 0.0559535 0.59331 0.736341 0.699485 0.776609 0.227244 0.72354 0.717782
0.281557 0.104124 0.868605 0.794009 0.100694 0.0967489 0.528146 0.908045 0.251648 0.764043
0.843206 0.49428 0.950932 0.230904 0.800221 0.66174 0.371319 0.285862 0.979798 0.0603923
0.239698 0.898771 0.724521 0.955857 0.261118 0.306182 0.597996 0.397469 0.122893 0.345468
0.735699 0.621191 0.597108 0.94544 0.769472 0.528501 0.544206 0.721212 0.272678 0.66198
0.534082 0.768789 0.0962035 0.332213 0.818134 0.176351 0.381551 0.762607 0.213496 0.318703
0.290932 0.227932 0.288505 0.49411 0.801152 0.907269 0.862462 0.0464144 0.484674 0.647604
0.00716298 0.150469 0.784445 0.893536 0.40845 0.285866 0.300252 0.384417 0.218295 0.422712
0.900659 0.142898 0.444537 0.604679 0.47742 0.770225 0.286141 0.690169 0.648406 0.548188
0.131282 0.10212 0.426319 0.406796 0.338716 0.268254 0.791765 0.992956 0.0430235 0.29394
0.444806 0.351145 0.316866 0.930155 0.55522 0.555105 0.0328124 0.566506 0.196026 0.0617898
0.534246 0.188536 0.854113 0.672931 0.68624 0.807226 0.797473 0.975467 0.371378 0.447716
0.466499 0.401261 0.794448 0.774108 0.442031 0.0787973 0.401682 0.798329 0.00522637 0.935446
0.917351 0.116573 0.00712904 0.159768 0.067344 0.585239 0.286448 0.0865422 0.719794 0.0889673
0.78411 0.239389 0.594667 0.228713 0.502433 0.0746082 0.734569 0.298226 0.0274032 0.458453
0.235003 0.157491 0.854943 0.203932 0.15375 0.758172 0.785213 0.775836 0.0163398 0.277886
0.929622 0.771306 0.961844 0.849335 0.473719 0.994837 0.551278 0.485801 0.701834 0.825827
0.518945 0.106935 0.125449 0.320589 0.912471 0.800811 0.496462 0.769124 0.581808 0.937213
0.476001 0.385514 0.964305 0.109573 0.193908 0.12535 0.693647 0.748621 0.268196 0.84121
0.566936 0.215708 0.245824 0.225349 0.900615 0.0541289 0.220051 0.172449 0.696011 0.338784
0.907043 0.803726 0.892845 0.947629 0.696289 0.917545 0.219402 0.102348 0.215673 0.444288
0.0180562 0.794656 0.0407836 0.578809 0.48313 0.338616 0.966501 0.27933 0.393619 0.155674
0.459673 0.546127 0.312733 0.573902 0.196371 0.719679 0.654502 0.603187 0.0600767 0.0147075
0.674364 0.209481 0.0614242 0.901909 0.394138 0.893375 0.652223 0.369748 0.387821 0.387281
0.0715921 0.643868 0.742448 0.255517 0.897749 0.293856 0.694033 0.705839 0.0714399 0.800829
0.678781 0.152337 0.191795 0.971078 0.193496 0.067734 0.0203934 0.740321 0.313172 0.335585
0.571966 0.856472 0.0510125 0.381761 0.91264 0.755932 0.454394 0.501133 0.140179 0.903486
0.359549 0.043304 0.699282 0.763179 0.97441 0.927223 0.638815 0.655053 0.129407 0.125784
0.383842 0.979459 0.383742 0.088508 0.827491 0.561216 0.349121 0.0280699 0.251738 0.0730524
0.70214 0.80811 0.121515 0.191336 0.406555 0.87211 0.221403 0.25731 0.40605 0.362227
0.317493 0.542275 0.409739 0.513603 0.884554 0.717096 0.0535457 0.245785 0.656388 0.51046
0.343528 0.866065 0.0958885 0.552902 0.0126437 0.862414 0.955667 0.563064 0.112648 0.141559
0.102964 0.326183 0.575319 0.947007 0.938402 0.671004 0.605666 0.0782473 0.510668 0.406672
0.472154 0.0364211 0.692814 0.0101865 0.717945 0.29532 0.267204 0.792005 0.0454198 0.424047
0.275417 0.645314 0.538433 0.249295 0.981187 0.634809 0.900048 0.738779 0.153986 0.227906
0.349508 0.0733283 0.902103 0.352784 0.1798 0.761338 0.576981 0.569416 0.654067 0.142728
0.720605 0.123981 0.550506 0.186779 0.794641 0.0866973 0.255156 0.635971 0.00208894 0.23868
0.530742 0.0860712 0.145025 0.254318 0.26762 0.213912 0.70549 0.418486 0.360893 0.278736
0.291034 0.58261 0.668847 0.650605 0.0331112 0.600579 0.927273 0.0942415 0.767028 0.192567
0.857213 0.00216622 0.281387 0.260641 0.502835 0.278831 0.403571 0.051447 0.113592 0.979321
0.706096 0.711069 0.996402 0.236943 0.852731 0.00703409 0.994369 0.0448499 0.361239 0.642404
0.517601 0.173736 0.683557 0.596844 0.76735 0.0383898 0.0299274 0.921105 0.061688 0.79175
0.987917 0.18307 0.668062 0.0751178 0.985346 0.775041 0.611959 0.862843 0.055775 0.686211
0.282299 0.990716 0.289821 0.866914 0.603574 0.872396 0.238526 0.508851 0.620655 0.596766
0.756318 0.551021 0.14446 0.243802 0.788147 0.0745109 0.619779 0.515656 0.973283 0.315692
0.954115 0.707367 0.506596 0.219126 0.578461 0.0963077 0.99298 0.553144 0.287823 0.175142
0.146205 0.165887 0.628647 0.501698 0.0705365 0.919661 0.858817 0.989973 0.212012 0.386756
0.559863 0.0226366 0.142817 0.991807 0.523416 0.118992 0.312593 0.256388 0.350245 0.652789
0.861145 0.46904 0.706012 0.0612769 0.136756 0.227177 0.666843 0.788296 0.860285 0.467105
0.836372 0.636137 0.227799 0.244591 0.0337136 0.268782 0.764935 0.414122 0.829252 0.233685
0.740222 0.80282 0.662002 0.603795 0.855373 0.0753131 0.317822 0.322786 0.833378 0.603859
0.0284115 0.219927 0.721535 0.652745 0.298429 0.720042 0.361822 0.444693 0.330726 0.606202
0.987158 0.0993867 0.932377 0.319883 0.75595 0.567246 0.433766 0.703398 0.262067 0.271189
0.62754 0.246083 0.961352 0.692014 0.698554 0.570548 0.724756 0.817697 0.0629907 0.576709
0.775456 0.697203 0.739331 0.991065 0.72174 0.936045 0.152073 0.439086 0.367437 0.141367
0.574576 0.554665 0.992102 0.233913 0.788728 0.358307 0.473298 0.561002 0.808274 0.515506
0.20886 0.967331 0.478259 0.552593 0.104095 0.952009 0.103982 0.294636 0.297737 0.736886
0.703354 0.52496 0.134008 0.572544 0.346803 0.254932 0.978516 0.0246535 0.00461864 0.796937
0.344229 0.347087 0.137112 0.842256 0.93301 0.671056 0.309796 0.43768 0.377712 0.0279961
0.737694 0.886156 0.34294 0.171171 0.13502 0.840017 0.409826 0.668254 0.688624 0.00469779
0.855888 0.798006 0.779709 0.388094 0.666703 0.898148 0.545004 0.540201 0.88561 0.31736
0.860786 0.551664 0.235378 0.882446 0.025256 0.778305 0.0267246 0.269355 0.872888 0.176507
0.350837 0.414998 0.698361 0.39819 0.919304 0.944879 0.0845022 0.175513 0.542516 0.610177
0.407073 0.050774 0.321606 0.0390857 0.0536642 0.977888 0.0327257 0.868613 0.861315 0.363706
0.340836 0.92688 0.101362 0.373815 0.160015 0.0655986 0.0829472 0.223373 0.494141 0.358972
0.180794 0.315708 0.45968 0.740564 0.203817 0.291009 0.39554 0.157793 0.344117 0.316954
0.150015 0.738418 0.019188 0.763108 0.72295 0.522911 0.57532 0.988492 0.238884 0.884127
0.801596 0.721333 0.845702 0.223268 0.327761 0.0504961 0.234544 0.286 0.273634 0.648564
0.783655 0.746439 0.202136 0.175155 0.931769 0.337723 0.0480353 0.794765 0.0633926 0.985758
0.886286 0.0115405 0.629581 0.965346 0.445443 0.988725 0.528568 0.645328 0.852044 0.130389
0.154304 0.899579 0.976219 0.0480064 0.435575 0.364081 0.80682 0.0785984 0.799587 0.666085
0.0619682 0.366323 0.672466 0.892942 0.516093 0.0948229 0.0124025 0.0552645 0.699031 0.625217
0.704412 0.619826 0.772032 0.181114 0.908694 0.506848 0.250376 0.956098 0.60954 0.959639
0.785572 0.0887212 0.621865 0.316846 0.622098 0.950933 0.00033394 0.588196 0.404289 0.67082
0.236624 0.43943 0.0652873 0.678114 0.840406 0.723967 0.129509 0.609583 0.0560247 0.402735
0.0107584 0.59414 0.619618 0.235336 0.896763 0.283436 0.829536 0.0802783 0.840498 0.441265
0.704123 0.0452326 0.568086 0.447232 0.323964 0.371505 0.290759 0.432598 0.213675 0.0656592
0.687668 0.48543 0.965979 0.467687 0.954057 0.461001 0.657699 0.788535 0.433403 0.955178
0.649182 0.317692 0.963571 0.219019 0.99349 0.548742 0.874635 0.502942 0.493336 0.428269
0.15892 0.144683 0.420518 0.0955234 0.275844 0.426984 0.559725 0.644015 0.791785 0.783428
0.781231 0.0130823 0.613504 0.244036 0.805326 0.43984 0.363981 0.506191 0.844402 0.662104
0.196408 0.555024 0.64989 0.822583 0.747277 0.921708 0.662199 0.415685 0.190424 0.92399
0.102245 0.817897 0.0654749 0.131434 0.798731 0.123082 0.00831593 0.505237 0.878937 0.0803181
0.616759 0.0452025 0.376802 0.921024 0.358022 0.0572363 0.709354 0.104131 0.930501 0.918384
0.762771 0.401603 0.215405 0.222095 0.510227 0.000151877 0.550021 0.31766 0.280124 0.282358
0.113118 0.0932941 0.318905 0.739418 0.419819 0.445579 0.95839 0.998139 0.900749 0.0923733
0.0566468 0.178874 0.525659 0.89746 0.541596 0.423086 0.348563 0.58679 0.630731 0.348849
0.618275 0.868991 0.623447 0.985792 0.886314 0.428222 0.92466 0.489519 0.763102 0.226826
0.514947 0.219528 0.0885923 0.0619454 0.705942 0.752566 0.423976 0.0629604 0.310572 0.850746
0.545617 0.490931 0.896121 0.672649 0.0711498 0.918859 0.0465461 0.96378 0.491503 0.350323
0.492461 0.542003 0.853865 0.030992 0.393841 0.516032 0.667371 0.433588 0.848531 0.318302
0.795784 0.25075 0.624677 0.82188 0.987786 0.239904 0.916218 0.841657 0.330539 0.943704
0.945845 0.39295 0.887789 0.769492 0.0652541 0.863815 0.625024 0.532235 0.926432 0.41323
0.496022 0.25396 0.495534 0.0968446 0.203503 0.648116 0.281755 0.848106 0.417512 0.930948
0.663244 0.58133 0.297716 0.700704 0.928445 0.604079 0.229197 0.76807 0.741682 0.655453
0.993468 0.700607 0.413812 0.922326 0.381447 0.343307 0.562714 0.883181 0.0106302 0.594488
0.791997 0.745327 0.122844 0.748752 0.291832 0.27773 0.579887 0.29891 0.602996 0.833731
0.373628 0.945183 0.625876 0.800121 0.659216 0.433619 0.101176 0.306161 0.563618 0.111193
0.784077 0.580095 0.217524 0.0299897 0.127104 0.251105 0.0580421 0.697496 0.00688067 0.817091
0.890775 0.377585 0.0183983 0.244791 0.787405 0.316065 0.348602 0.00462909 0.274626 0.872162
0.545782 0.359129 0.0146633 0.828715 0.482258 0.220225 0.55721 0.899199 0.766946 0.0343447
0.714357 0.610122 0.98882 0.687833 0.0437434 0.587808 0.776682 0.491871 0.951791 0.671722
0.660147 0.48022 0.250629 0.194851 0.660413 0.875293 0.254987 0.983063 0.80972 0.49835
0.661396 0.545621 0.521165 0.719249 0.0259779 0.0229679 0.795349 0.255445 0.343449 0.999599
0.276509 0.197233 0.909169 0.598456 0.256534 0.876105 0.215627 0.46505 0.283524 0.512887
0.679162 0.160128 0.483188 0.111646 0.587402 0.796348 0.180965 0.220809 0.989998 0.823737
0.590256 0.748182 0.790253 0.592157 0.874215 0.827564 0.637068 0.950282 0.477985 0.614206
0.622907 0.333679 0.272194 0.68059 0.646543 0.365829 0.943066 0.296834 0.351856 0.214672
0.265466 0.460601 0.55269 0.355893 0.693508 0.351991 0.953345 0.335409 0.689082 0.513547
0.332133 0.803037 0.763687 0.382557 0.595744 0.212145 0.0820916 0.549925 0.369932 0.273961
0.983328 0.920738 0.368815 0.795216 0.751792 0.692578 0.401991 0.720025 0.175809 0.678456
0.0520936 0.73743 0.882168 0.852242 0.794322 0.927072 0.861648 0.366751 0.462306 0.322884
0.731015 0.104019 0.311726 0.927649 0.685241 0.765616 0.705333 0.597502 0.069313 0.873017
0.020035 0.953039 0.696729 0.954177 0.945719 0.439699 0.830669 0.16389 0.307553 0.486911
0.0701768 0.829664 0.364834 0.803159 0.771822 0.635338 0.347707 0.378635 0.595284 0.515032
0.878517 0.691298 0.915604 0.206352 0.263358 0.416498 0.474901 0.834823 0.127119 0.521822
0.555731 0.0387765 0.959116 0.0916915 0.445137 0.960645 0.442191 0.338058 0.274609 0.0312809
0.701144 0.260044 0.0808105 0.884742 0.668235 0.694149 0.881255 0.804492 0.100689 0.45775
0.294728 0.601849 0.0167909 0.25969 0.173135 0.801205 0.339552 0.722792 0.0705441 0.864551
0.860998 0.993911 0.670743 0.0451668 0.472828 0.42014 0.408647 0.659236 0.863287 0.419427
0.598469 0.269027 0.0180001 0.509705 0.634763 0.408903 0.798329 0.203889 0.776847 0.928608
0.118722 0.119228 0.252442 0.0124843 0.786816 0.539513 0.772217 0.505675 0.361285 0.964589
0.89309 0.112426 0.481229 0.949932 0.281655 0.014346 0.564693 0.623268 0.673794 0.257343
0.0636098 0.881172 0.216072 0.597848 0.324542 0.91099 0.317466 0.901548 0.779485 0.272788
0.0808132 0.752541 0.530001 0.288675 0.469722 0.220285 0.786252 0.263463 0.392133 0.880434
0.0139667 0.0636896 0.374229 0.464652 0.0343731 0.124193 0.341957 0.542931 0.235125 0.844169
0.375913 0.965425 0.879897 0.240592 0.142484 0.978452 0.887659 0.413248 0.712885 0.65756
0.879151 0.700047 0.20867 0.15529 0.230866 0.119692 0.306366 0.709444 0.259904 0.611527
0.360898 0.280982 0.752636 0.84081 0.116608 0.43149 0.0626528 0.311006 0.126418 0.0188934
0.984636 0.342455 0.681058 0.140105 0.241712 0.638357 0.426779 0.0551451 0.755923 0.993253
0.336059 0.345536 0.870481 0.800224 0.834787 0.118301 0.603328 0.264851 0.0123165 0.543271
0.242454 0.641658 0.389117 0.35947 0.395944 0.555904 0.781623 0.171033 0.474768 0.770224
0.393862 0.911652 0.156171 0.572195 0.44393 0.590207 0.320931 0.882772 0.695466 0.924953
0.327641 0.0629843 0.122734 0.298304 0.945462 0.252646 0.206701 0.867932 0.647452 0.0848185
0.636199 0.799909 0.683743 0.0620628 0.112527 0.568606 0.307703 0.961156 0.933645 0.401252
0.17846 0.983617 0.985314 0.274331 0.302205 0.0441554 0.174107 0.649521 0.0254964 0.461297
0.491654 0.186458 0.667965 0.282443 0.343608 0.583528 0.091333 0.856511 0.33539 0.220988
0.0580647 0.408787 0.979499 0.60857 0.091505 0.304438 0.337608 0.825593 0.781291 0.489355
0.551007 0.088891 0.406794 0.195641 0.474748 0.571952 0.305483 0.117717 0.680821 0.107239
0.602784 0.13088 0.005984 0.302226 0.801451 0.0366792 0.805643 0.729915 0.194996 0.27673
0.414217 0.20212 0.56456 0.317397 0.51623 0.326259 0.0707205 0.745306 0.329632 0.645215
0.636094 0.648852 0.772934 0.476621 0.706693 0.861038 0.384953 0.382613 0.0484196 0.53801
0.243185 0.811637 0.821053 0.198921 0.48203 0.250323 0.0577484 0.405515 0.426726 0.132768
0.708827 0.261067 0.635433 0.701423 0.686622 0.641246 0.035563 0.431136 0.354393 0.353045
0.828614 0.259889 0.762597 0.321653 0.997078 0.758013 0.121309 0.0447009 0.788312 0.512292
0.184939 0.596782 0.000515878 0.922356 0.626745 0.614964 0.108455 0.231859 0.941651 0.264793
0.735094 0.777578 0.526721 0.389366 0.308661 0.666561 0.213092 0.7026 0.683542 0.892288
0.7693 0.609322 0.465122 0.151149 0.915598 0.281657 0.248725 0.595046 0.628682 0.477958
0.919225 0.425204 0.692334 0.995591 0.551457 0.92117 0.974266 0.558138 0.197585 0.618049
0.462583 0.51719 0.503102 0.697092 0.542073 0.210397 0.623622 0.875219 0.376081 0.820777
0.156415 0.120478 0.952263 0.987867 0.680909 0.525606 0.703883 0.418292 0.257991 0.139478
0.361971 0.238181 0.556911 0.620392 0.261194 0.062358 0.338396 0.577357 0.6518 0.554617
0.567422 0.490101 0.861123 0.590507 0.0409178 0.17752 0.947041 0.881606 0.24552 0.739356
0.471687 0.844303 0.205394 0.0211763 0.289892 0.0590532 0.725997 0.47672 0.94461 0.206283
0.663268 0.386998 0.159446 0.714768 0.373344 0.63878 0.706684 0.0740114 0.0119831 0.280333
0.453515 0.0411776 0.785923 0.0557107 0.141405 0.85032 0.571217 0.602612 0.423333 0.838316
0.535085 0.408248 0.294557 0.0111053 0.876114 0.91231 0.17523 0.192589 0.947158 0.223505
0.729663 0.0955688 0.463091 0.980299 0.156488 0.257984 0.250116 0.873482 0.0222283 0.556485
0.256852 0.858738 0.671416 0.0186051 0.789207 0.50651 0.779479 0.938587 0.391254 0.446292
0.960703 0.591293 0.0289332 0.863585 0.867487 0.672812 0.523074 0.296582 0.577779 0.0258132
0.822647 0.236147 0.0444967 0.419299 0.468875 0.507902 0.675786 0.930949 0.00746567 0.343058
0.859241 0.11352 0.306437 0.297965 0.453251 0.769035 0.0686786 0.483702 0.260746 0.46013
0.0980366 0.255189 0.628233 0.0224779 0.784471 0.214913 0.54125 0.936492 0.417878 0.469621
0.633777 0.591523 0.682425 0.563114 0.949978 0.388444 0.389458 0.716578 0.269359 0.672442
0.279492 0.677809 0.150087 0.60945 0.422738 0.514961 0.654297 0.790875 0.186433 0.474245
0.0949176 0.500859 0.652469 0.786876 0.418922 0.66641 0.611276 0.590255 0.922419 0.349583
0.991834 0.255636 0.0262525 0.218456 0.519022 0.770425 0.637059 0.270125 0.999095 0.760282
0.62235 0.464672 0.236625 0.12797 0.249704 0.56983 0.16599 0.498855 0.735552 0.268881
0.917101 0.637252 0.354129 0.868296 0.767058 0.267954 0.0831732 0.103615 0.856415 0.591312
0.810209 0.704744 0.0552541 0.125017 0.0906977 0.185501 0.543147 0.573418 0.48675 0.900921
0.0838355 0.977645 0.793072 0.629363 0.49084 0.462176 0.751116 0.821741 0.144096 0.744874
0.88339 0.417898 0.801692 0.883583 0.751924 0.503329 0.0387994 0.204631 0.289225 0.0413183
0.260631 0.84225 0.299397 0.182423 0.943828 0.0399392 0.682666 0.685203 0.084859 0.165569
0.762252 0.675875 0.425449 0.275784 0.398891 0.461892 0.610872 0.599216 0.846815 0.31102
0.00342863 0.815642 0.108157 0.85416 0.243022 0.4458 0.421618 0.706538 0.394617 0.664157
0.792261 0.3215 0.388861 0.0461263 0.411928 0.82617 0.449848 0.891125 0.496341 0.412686
0.212234 0.00102967 0.029732 0.914454 0.468916 0.143873 0.984724 0.5283 0.34569 0.637875
0.0151391 0.120925 0.598924 0.94959 0.80741 0.73722 0.117319 0.859103 0.963453 0.829422
0.110361 0.0423343 0.3958 0.667653 0.0852114 0.619828 0.802908 0.358469 0.95949 0.280824
0.458301 0.758846 0.193147 0.270327 0.537481 0.766427 0.365956 0.853515 0.120202 0.285242
0.891809 0.463371 0.171593 0.229276 0.506847 0.39919 0.677697 0.945105 0.738211 0.616791
0.325973 0.897941 0.926226 0.884941 0.772848 0.533274 0.51516 0.431571 0.542872 0.622686
0.768452 0.147659 0.648332 0.00311004 0.88563 0.438513 0.40261 0.89912 0.268409 0.778104
0.803868 0.466655 0.58823 0.465668 0.48814 0.420823 0.87416 0.306944 0.205562 0.633843
0.452508 0.987111 0.68059 0.207745 0.755443 0.759152 0.83642 0.933981 0.17494 0.633086
0.242926 0.925005 0.427721 0.0125895 0.593644 0.146759 0.369411 0.746265 0.752746 0.900467
0.698642 0.579007 0.064927 0.0760427 0.923569 0.182739 0.482046 0.004183 0.893301 0.273647
0.28293 0.728548 0.482352 0.14155 0.41007 0.156595 0.985186 0.0601912 0.204879 0.821841
0.323244 0.871098 0.571809 0.815739 0.0414633 0.750218 0.119304 0.239193 0.590981 0.129098
0.882801 0.973046 0.229764 0.0171415 0.86437 0.871516 0.0818812 0.654203 0.608614 0.267127
0.107966 0.506348 0.561506 0.686932 0.0303481 0.112055 0.0339157 0.14591 0.687842 0.863308
0.84219 0.18684 0.482635 0.65015 0.394028 0.909351 0.472286 0.629905 0.159393 0.714941
0.871022 0.1622 0.755728 0.175456 0.955788 0.871872 0.573762 0.190903 0.268009 0.357044
0.171937 0.767854 0.571562 0.921931 0.955273 0.93892 0.907185 0.198149 0.86015 0.100396
0.662367 0.358278 0.647945 0.223031 0.569126 0.433926 0.63927 0.120525 0.171089 0.595375
0.760515 0.404047 0.162313 0.91317 0.32217 0.322586 0.583894 0.653272 0.830889 0.297256
0.00615519 0.402075 0.109869 0.195992 0.913586 0.383898 0.047691 0.858868 0.666824 0.588919
0.785897 0.446631 0.472629 0.935396 0.0423141 0.716164 0.439375 0.785604 0.66158 0.831945
0.0457481 0.559464 0.214961 0.885038 0.0434852 0.0165066 0.581431 0.837244 0.354789 0.685731
0.708064 0.476642 0.244085 0.57238 0.3395 0.56585 0.482822 0.663471 0.192071 0.232299
0.753831 0.57911 0.74776 0.948073 0.989831 0.831364 0.249985 0.111144 0.930128 0.383216
0.0165499 0.295698 0.248729 0.803367 0.907971 0.450925 0.429446 0.450104 0.132525 0.107009
0.93947 0.912119 0.045636 0.982265 0.82999 0.894395 0.749135 0.476849 0.26695 0.734446
0.847834 0.835992 0.548271 0.530123 0.657212 0.98436 0.028024 0.0874115 0.309586 0.279598
0.433284 0.384589 0.930248 0.771836 0.361712 0.778813 0.796312 0.765631 0.190539 0.230512
0.432334 0.057438 0.781062 0.880068 0.579715 0.232228 0.490653 0.763211 0.829592 0.0238425
0.637707 0.203295 0.966407 0.153138 0.436385 0.964274 0.78506 0.0807477 0.687622 0.466443
0.904462 0.299309 0.54985 0.0482405 0.879551 0.557759 0.0384465 0.363802 0.404638 0.25889
0.443879 0.712914 0.685611 0.55196 0.370184 0.0387661 0.147337 0.370163 0.365185 0.155996
0.649498 0.311944 0.887802 0.969897 0.70735 0.985868 0.820788 0.0285262 0.171567 0.366897
0.773912 0.435106 0.859542 0.26315 0.181903 0.968008 0.369763 0.804961 0.64358 0.886573
0.807247 0.770361 0.645546 0.258882 0.0851345 0.969586 0.554775 0.21766 0.700973 0.5202
0.693197 0.592425 0.522003 0.917868 0.643893 0.189465 0.683741 0.914533 0.989463 0.830534
0.799489 0.609724 0.935901 0.380767 0.928524 0.297034 0.0857259 0.7674 0.402886 0.238022
0.311194 0.866172 0.0997676 0.19726 0.806265 0.819114 0.692442 0.242517 0.269704 0.288391
0.0974403 0.50271 0.243267 0.0745601 0.653315 0.900595 0.404096 0.416654 0.315398 0.818955
0.633872 0.457486 0.461599 0.273801 0.222638 0.0529326 0.354707 0.175167 0.826944 0.956752
0.223512 0.306311 0.162533 0.752336 0.42133 0.752297 0.937787 0.55755 0.424636 0.176809
0.692265 0.29052 0.241777 0.674004 0.548149 0.586802 0.28265 0.642624 0.131152 0.668453
0.809627 0.438168 0.825941 0.319767 0.283085 0.45783 0.888033 0.23145 0.610051 0.354776
0.967363 0.124897 0.497093 0.448096 0.255531 0.189877 0.717149 0.139384 0.0749291 0.112779
0.353431 0.505034 0.645199 0.209693 0.572198 0.00455668 0.0552151 0.66433 0.870964 0.17814
0.91634 0.24014 0.483469 0.856301 0.514467 0.888396 0.227667 0.0689123 0.626007 0.446336
0.660043 0.181208 0.163211 0.624968 0.812289 0.555095 0.915651 0.81842 0.556993 0.653647
0.626496 0.836511 0.422414 0.261312 0.188393 0.0478904 0.10211 0.368146 0.0112619 0.258729
0.653161 0.0655713 0.873448 0.237781 0.30319 0.553623 0.163132 0.432102 0.377281 0.623072
0.547205 0.230432 0.363953 0.323257 0.636075 0.412537 0.270926 0.433454 0.520823 0.780324
0.958277 0.117343 0.703951 0.989677 0.036974 0.0620143 0.609053 0.96748 0.524899 0.198557
0.526609 0.308669 0.484356 0.399751 0.68918 0.810909 0.494468 0.615607 0.306566 0.634696
0.818609 0.419602 0.917565 0.602905 0.209401 0.886006 0.0376241 0.975627 0.696805 0.554595
0.477167 0.280216 0.272753 0.970853 0.702801 0.465649 0.997977 0.66155 0.608299 0.597364
0.685592 0.827467 0.350637 0.499585 0.29382 0.056619 0.484928 0.0693712 0.718024 0.893755
0.334289 0.279834 0.483335 0.712767 0.568351 0.531395 0.305658 0.91064 0.923607 0.0891963
0.728257 0.799467 0.368688 0.413032 0.496747 0.427237 0.336095 0.855501 0.29269 0.407212
0.421114 0.163385 0.804145 0.919006 0.422928 0.733417 0.621251 0.938094 0.0871255 0.0366484
0.65507 0.947235 0.492766 0.530587 0.905271 0.779521 0.903256 0.679935 0.432251 0.398965
0.124595 0.429503 0.656235 0.186219 0.867251 0.0575004 0.0431586 0.275467 0.288779 0.596442
0.112787 0.21789 0.724567 0.0767794 0.516629 0.482007 0.509993 0.311249 0.784838 0.889259
0.761739 0.00787448 0.630346 0.4995 0.320202 0.739387 0.0366305 0.851715 0.975404 0.532734
0.349662 0.746898 0.061475 0.0628285 0.488681 0.0357954 0.828956 0.476391 0.765138 0.279859
0.483103 0.965237 0.157394 0.59735 0.125019 0.461338 0.226327 0.324642 0.301717 0.885638
0.201467 0.693758 0.531794 0.595275 0.750709 0.218417 0.761324 0.64283 0.00252008 0.129666
0.978629 0.976845 0.993687 0.74496 0.891742 0.913075 0.0258394 0.0158252 0.856958 0.634451
0.539388 0.195259 0.647322 0.247124 0.881761 0.958881 0.523322 0.745928 0.482902 0.980889
0.133728 0.868846 0.280441 0.87128 0.65359 0.400355 0.780862 0.461693 0.569712 0.723129
0.385216 0.00376513 0.61646 0.72971 0.308141 0.527518 0.718756 0.398374 0.252582 0.44183
0.172786 0.547432 0.719269 0.834617 0.043957 0.437224 0.572435 0.712635 0.128495 0.792219
0.374173 0.627519 0.461493 0.561799 0.0125782 0.0672397 0.593059 0.0976779 0.164723 0.993049
0.78418 0.725362 0.418181 0.725409 0.102415 0.792688 0.845922 0.633284 0.519035 0.762385
0.127147 0.53407 0.22301 0.401691 0.536848 0.425741 0.438271 0.551639 0.101553 0.764683
0.0825297 0.150739 0.848195 0.292491 0.36328 0.127731 0.537266 0.774114 0.0159681 0.0526119
0.248385 0.556143 0.0972172 0.444163 0.18315 0.263644 0.0233583 0.297396 0.679245 0.666039
0.672006 0.944807 0.910313 0.240442 0.525795 0.870521 0.681302 0.18564 0.946628 0.0892086
0.411887 0.145886 0.568281 0.101025 0.264063 0.167114 0.298098 0.935516 0.706283 0.282138
0.384481 0.961888 0.968967 0.971724 0.979204 0.567279 0.0248577 0.940497 0.102867 0.688614
0.519691 0.773863 0.960806 0.142049 0.363621 0.275573 0.882046 0.986323 0.695336 0.135418
0.0543414 0.153612 0.306 0.299491 0.47366 0.320363 0.580991 0.846227 0.726731 0.358465
0.403236 0.429015 0.144786 0.703968 0.886524 0.854205 0.79761 0.154605 0.470381 0.709397
0.155419 0.394473 0.304626 0.237803 0.828078 0.27378 0.780537 0.98032 0.757656 0.167551
0.0150947 0.453643 0.794809 0.413174 0.307356 0.719553 0.561179 0.284524 0.651268 0.106483
0.380375 0.741368 0.020761 0.10035 0.371332 0.705602 0.129342 0.847079 0.239604 0.61476
0.305607 0.699535 0.801189 0.0971257 0.110113 0.851087 0.0411258 0.687857 0.86255 0.708747
0.826794 0.47825 0.785926 0.0406772 0.325396 0.332465 0.370742 0.762824 0.991277 0.234737
0.774693 0.0344079 0.0365445 0.812558 0.939787 0.00179877 0.216562 0.638242 0.376116 0.797275
0.568022 0.9771 0.602836 0.104634 0.180145 0.715454 0.158957 0.296525 0.502786 0.932065
0.465775 0.356257 0.788795 0.761981 0.136451 0.26404 0.507076 0.183825 0.612063 0.235561
0.499557 0.249622 0.199527 0.478861 0.521768 0.36445 0.146609 0.587712 0.400345 0.567986
0.918659 0.277899 0.278543 0.222876 0.599796 0.743885 0.368821 0.631689 0.897662 0.0553078
0.423494 0.399255 0.596932 0.694071 0.74684 0.298454 0.849036 0.661254 0.993163 0.838851
0.584988 0.505512 0.418772 0.227063 0.0428518 0.877564 0.0150097 0.243065 0.0738814 0.347089
0.626584 0.535087 0.0715773 0.612772 0.0984361 0.348092 0.517188 0.372653 0.866653 0.888744
0.32927 0.502179 0.702749 0.212468 0.993177 0.0298657 0.893473 0.395349 0.450974 0.355933
0.229507 0.495116 0.570547 0.158315 0.860019 0.610655 0.192482 0.930238 0.676131 0.728518
0.549914 0.406804 0.862291 0.0668411 0.706192 0.0694324 0.987141 0.836022 0.179346 0.407327
0.883383 0.867648 0.0911065 0.567928 0.438861 0.308109 0.141796 0.375648 0.901464 0.692005
0.622536 0.429519 0.134784 0.617291 0.796951 0.78942 0.334067 0.767424 0.962677 0.0268166
0.35345 0.0540199 0.12391 0.575375 0.773055 0.369474 0.987872 0.309346 0.856625 0.867619
0.854273 0.856584 0.251303 0.72386 0.927548 0.358063 0.0530408 0.67695 0.362081 0.421735
0.179104 0.794294 0.250076 0.306864 0.944127 0.0328825 0.71798 0.353991 0.519511 0.749812
0.93391 0.958962 0.606037 0.403414 0.919442 0.000169612 0.256784 0.999422 0.0599762 0.923335
0.130139 0.764278 0.480299 0.954403 0.956946 0.0284141 0.0502375 0.732702 0.50284 0.165894
0.536481 0.055993 0.956696 0.923835 0.231449 0.861853 0.930194 0.680397 0.528603 0.577049
0.0527277 0.1569 0.350046 0.19336 0.257894 0.770542 0.605278 0.452352 0.318955 0.13445
0.120685 0.0168827 0.305542 0.261122 0.207053 0.954993 0.740687 0.349074 0.261531 0.898557
0.0652891 0.652877 0.437603 0.418932 0.813572 0.0908099 0.113451 0.0964363 0.449782 0.406156
0.0793699 0.456028 0.443483 0.175141 0.474852 0.571847 0.618084 0.261485 0.0533156 0.426022
0.343496 0.844944 0.816159 0.901487 0.1452 0.850781 0.302995 0.210849 0.536206 0.339092
0.52343 0.665913 0.857882 0.344873 0.73487 0.078101 0.0207659 0.228054 0.687309 0.573927
0.697452 0.676916 0.357566 0.684536 0.457529 0.556991 0.856635 0.739664 0.287456 0.206852
0.544623 0.324121 0.0973206 0.372655 0.537763 0.203164 0.975305 0.709464 0.589595 0.634846
0.623313 0.717656 0.924223 0.788632 0.597765 0.418132 0.192923 0.680122 0.833894 0.592602
0.46345 0.947322 0.105335 0.275017 0.679149 0.0445818 0.0475499 0.720887 0.225221 0.287386
0.353323 0.316852 0.666415 0.0998883 0.694441 0.331198 0.219299 0.0256853 0.295631 0.215555
0.817863 0.18728 0.573751 0.119204 0.0901774 0.382978 0.229708 0.434078 0.521228 0.402621
0.257051 0.818417 0.30541 0.148837 0.0633716 0.744046 0.543497 0.969293 0.740596 0.529006
0.490192 0.519068 0.105328 0.0475397 0.0553819 0.902842 0.158601 0.753515 0.202176 0.431068
0.739311 0.966021 0.362841 0.294056 0.879649 0.285182 0.529457 0.798848 0.38461 0.775385
0.483629 0.383763 0.48696 0.0342374 0.893524 0.497128 0.579769 0.718623 0.0525404 0.102269
0.380922 0.5975 0.596696 0.82966 0.901575 0.629021 0.0176001 0.117503 0.47996 0.555572
0.669899 0.980892 0.610324 0.724698 0.119715 0.102493 0.749411 0.841915 0.0815819 0.164784
0.9618 0.3757 0.349937 0.715415 0.614896 0.558291 0.906959 0.541774 0.129771 0.448952
0.261717 0.39511 0.471732 0.798786 0.150736 0.770864 0.290003 0.443659 0.495259 0.815298
0.306191 0.208862 0.746404 0.47455 0.75764 0.970891 0.706655 0.870918 0.578517 0.535844
0.371123 0.512507 0.106127 0.629268 0.8823 0.979597 0.00655701 0.00931443 0.0612125 0.391671
0.345083 0.673428 0.147052 0.571506 0.881507 0.41593 0.683874 0.716117 0.325765 0.54129
0.303684 0.753162 0.474292 0.548326 0.293695 0.438823 0.199163 0.511808 0.570436 0.106845
0.735647 0.624189 0.581708 0.336822 0.523516 0.223195 0.464873 0.760365 0.00677421 0.298765
0.463788 0.749369 0.723904 0.227792 0.0874162 0.723523 0.102941 0.272229 0.80439 0.267848
0.599335 0.639452 0.8083 0.929929 0.645468 0.130039 0.0376652 0.745942 0.262918 0.90957
0.407228 0.25485 0.423345 0.457141 0.335151 0.479319 0.497378 0.149291 0.5777 0.335193
0.236466 0.444075 0.270144 0.563874 0.736292 0.708946 0.912635 0.970987 0.211343 0.222304
0.889054 0.853772 0.179543 0.109638 0.863274 0.784677 0.0570791 0.451102 0.183084 0.541895
0.526821 0.241256 0.460167 0.930293 0.813199 0.798103 0.234334 0.945424 0.229 0.541874
0.672044 0.246207 0.192719 0.147841 0.289827 0.935105 0.24352 0.213746 0.33561 0.632903
0.192021 0.174923 0.520659 0.166418 0.153948 0.208585 0.548984 0.289887 0.658224 0.321163
0.74372 0.208882 0.0263707 0.238188 0.827725 0.191662 0.14964 0.877786 0.352291 0.33216
0.181569 0.185478 0.668944 0.192596 0.187255 0.634192 0.326887 0.455919 0.968426 0.369672
0.862222 0.188371 0.17645 0.617819 0.140889 0.858958 0.266588 0.403994 0.302684 0.289229
0.9174 0.308066 0.818247 0.0181314 0.218093 0.326249 0.559827 0.771604 0.330739 0.643422
0.82789 0.015169 0.250808 0.742303 0.834163 0.137214 0.324273 0.10969 0.301274 0.0710591
0.87551 0.627538 0.482262 0.818618 0.24313 0.32181 0.321968 0.351834 0.661005 0.700681
0.241817 0.646678 0.514537 0.0610184 0.05882 0.688701 0.512678 0.154305 0.789593 0.290986
0.164281 0.510903 0.791756 0.442192 0.81214 0.259928 0.0691592 0.0731127 0.824697 0.1227
0.998512 0.89952 0.35952 0.381169 0.942773 0.888957 0.628935 0.467246 0.222581 0.486018
0.413146 0.485513 0.723958 0.312589 0.836621 0.0652285 0.254663 0.369702 0.227709 0.874317
0.0636278 0.632536 0.425057 0.705129 0.186793 0.538297 0.262944 0.7821 0.648686 0.394539
0.944944 0.309903 0.453872 0.500647 0.660717 0.290669 0.0766958 0.0774803 0.208573 0.942822
0.0650222 0.353026 0.0458985 0.120659 0.321047 0.0806745 0.916897 0.262616 0.410416 0.825568
0.737477 0.757583 0.498963 0.251489 0.819307 0.715276 0.115449 0.864073 0.296919 0.218638
0.152235 0.013601 0.679841 0.080509 0.801168 0.00145813 0.120288 0.979986 0.788696 0.125621
0.030729 0.65728 0.223993 0.412209 0.79039 0.938246 0.661896 0.586075 0.764642 0.0761623
0.916458 0.633507 0.461451 0.0534148 0.727792 0.916041 0.134198 0.013921 0.690123 0.536306
0.692805 0.154497 0.681415 0.360078 0.649366 0.949926 0.995094 0.0204098 0.278389 0.539377
0.358473 0.219145 0.128535 0.694263 0.214486 0.23578 0.857243 0.553576 0.615223 0.12026
0.859489 0.899876 0.95162 0.279142 0.151537 0.323358 0.176764 0.781284 0.788234 0.147276
0.599062 0.218939 0.465249 0.0952036 0.908905 0.921696 0.398505 0.986249 0.435248 0.317025
0.18662 0.343577 0.174604 0.168039 0.572684 0.472969 0.662531 0.583437 0.708758 0.575504
0.578124 0.827099 0.358931 0.112933 0.0302419 0.132018 0.960349 0.656213 0.380127 0.804566
0.828272 0.557234 0.930667 0.821465 0.763925 0.115414 0.733851 0.868463 0.312592 0.0178769
0.626966 0.856174 0.837742 0.191051 0.617275 0.765645 0.435523 0.411644 0.29662 0.0500145
0.48566 0.856985 0.958628 0.765237 0.619478 0.0457134 0.911231 0.979142 0.978449 0.636333
0.275106 0.618258 0.00579705 0.689285 0.177742 0.086435 0.00108621 0.0138246 0.754095 0.218773
0.492466 0.621347 0.332349 0.525213 0.110731 0.0805883 0.798679 0.154184 0.677052 0.755058
0.411062 0.592414 0.459948 0.530409 0.729818 0.0257269 0.091945 0.905308 0.448247 0.496846
0.0938497 0.357998 0.951794 0.760074 0.358065 0.854236 0.135011 0.156812 0.879045 0.813022
0.0861148 0.200559 0.119273 0.494738 0.322572 0.631713 0.447199 0.412328 0.371794 0.887709
0.218596 0.400266 0.136959 0.938222 0.366647 0.706472 0.505406 0.776227 0.00535273 0.819951
0.0704661 0.43974 0.35445 0.799012 0.0351306 0.786866 0.769424 0.0963037 0.833657 0.773584
0.900897 0.559343 0.460061 0.135515 0.81129 0.96281 0.282462 0.0183492 0.104265 0.29985
0.825026 0.257631 0.243244 0.639286 0.930135 0.5665 0.499173 0.78384 0.58413 0.240805
0.00550726 0.960509 0.239608 0.799366 0.760481 0.229301 0.0885525 0.0173156 0.941216 0.655955
0.504342 0.83914 0.555173 0.0596332 0.0593842 0.841162 0.277591 0.805289 0.42652 0.129118
0.316913 0.995459 0.0138017 0.427931 0.614062 0.220984 0.0526283 0.793159 0.100839 0.599834
0.190431 0.949746 0.508674 0.875885 0.417702 0.211334 0.568356 0.148398 0.948844 0.444011
0.0220499 0.24613 0.853659 0.454457 0.401666 0.0523427 0.52766 0.546289 0.384873 0.817678
0.426354 0.612035 0.0307323 0.201222 0.087074 0.136341 0.0650327 0.98878 0.070558 0.217169
0.691967 0.196976 0.704577 0.0700098 0.147465 0.0438941 0.983161 0.841564 0.143281 0.565199
0.519749 0.965672 0.333145 0.844041 0.600813 0.493842 0.240743 0.300628 0.06795 0.622455
0.972065 0.250578 0.228215 0.051975 0.356036 0.539296 0.300568 0.0782804 0.978686 0.490122
0.956885 0.719075 0.751983 0.655122 0.907499 0.817611 0.51852 0.407078 0.414531 0.583944
0.215971 0.660698 0.743971 0.0107622 0.251757 0.143899 0.471108 0.0053326 0.862585 0.871748
0.305425 0.943533 0.651296 0.839142 0.767376 0.314039 0.719098 0.411878 0.65276 0.163946
0.477484 0.708871 0.354996 0.822577 0.169822 0.861029 0.444447 0.642093 0.0602345 0.968102
0.353025 0.866762 0.742806 0.401752 0.398084 0.735961 0.842516 0.511212 0.237988 0.813964
0.14081 0.161102 0.678619 0.154381 0.0165047 0.776278 0.64698 0.121415 0.791082 0.156522
0.341143 0.222494 0.0570014 0.618921 0.388965 0.0924107 0.98555 0.616878 0.935141 0.0794678
0.905925 0.297642 0.53301 0.766329 0.828398 0.122781 0.505511 0.561503 0.65003 0.283348
0.669704 0.734024 0.203547 0.159753 0.375481 0.436229 0.953129 0.534153 0.490188 0.229797
0.436226 0.964751 0.505671 0.936917 0.934156 0.376297 0.255091 0.11637 0.638214 0.0886243
0.488578 0.768594 0.756678 0.863333 0.502589 0.620586 0.375267 0.330581 0.340468 0.811005
0.423516 0.436006 0.42573 0.647949 0.158666 0.971511 0.958854 0.752807 0.218847 0.514807
0.199342 0.917275 0.0743892 0.922822 0.716775 0.698083 0.790384 0.107529 0.926098 0.826345
0.560728 0.305644 0.00493373 0.867644 0.0786613 0.0754123 0.180255 0.224792 0.236974 0.754304
0.0980435 0.838734 0.861347 0.190876 0.407562 0.321471 0.952724 0.300931 0.869305 0.955253
0.134018 0.993256 0.699598 0.21892 0.339016 0.0351952 0.814447 0.619567 0.585952 0.0930876
0.212458 0.975675 0.759325 0.207936 0.00268325 0.161664 0.1916 0.411051 0.159285 0.896074
0.24586 0.308629 0.9435 0.205164 0.35669 0.833562 0.117404 0.320103 0.850456 0.24827
0.432718 0.431973 0.147747 0.612614 0.969384 0.801162 0.948267 0.630185 0.748805 0.388248
0.779165 0.961174 0.68968 0.714288 0.801624 0.503034 0.994566 0.191781 0.787306 0.565201
0.309092 0.0790262 0.158159 0.429633 0.398674 0.828049 0.370794 0.196651 0.304826 0.750502
0.481146 0.726198 0.189832 0.19347 0.481844 0.848944 0.459675 0.935068 0.540367 0.329916
0.3909 0.579382 0.0295092 0.108264 0.209982 0.43571 0.353598 0.0341905 0.417688 0.529474
0.674529 0.335595 0.00259276 0.637817 0.743227 0.804431 0.176946 0.250395 0.227164 0.641709
0.337997 0.484745 0.875016 0.54543 0.579695 0.44301 0.310595 0.353782 0.927922 0.760622
0.806952 0.611073 0.816115 0.294487 0.385279 0.807329 0.47122 0.00842435 0.0243762 0.366215
0.398739 0.364081 0.703383 0.828861 0.504814 0.955466 0.247509 0.580366 0.50997 0.884307
0.915513 0.925907 0.430136 0.380847 0.127508 0.669845 0.820798 0.496033 0.0898955 0.522679
0.928097 0.571355 0.951069 0.460083 0.913709 0.733745 0.208421 0.533149 0.416921 0.506001
0.271585 0.173609 0.0602266 0.591041 0.862935 0.929192 0.589336 0.217597 0.651504 0.357814
0.298153 0.873926 0.868527 0.92657 0.257826 0.509481 0.39344 0.00362476 0.11496 0.178063
0.74321 0.0788482 0.373179 0.201634 0.263792 0.474731 0.399991 0.724304 0.393242 0.822719
0.094075 0.311188 0.350423 0.472745 0.674481 0.26978 0.147283 0.691963 0.707214 0.733512
0.063524 0.0555746 0.227598 0.998769 0.0489392 0.85707 0.503287 0.520869 0.683293 0.371325
0.896344 0.411402 0.601523 0.440089 0.0797606 0.102334 0.950871 0.467109 0.573176 0.973796
0.370974 0.0215533 0.473875 0.0139622 0.949749 0.00819589 0.73814 0.535469 0.793187 0.296564
0.315071 0.314479 0.796251 0.567271 0.0626251 0.913832 0.293422 0.343231 0.852387 0.509673
0.472285 0.865099 0.423294 0.272549 0.97941 0.179962 0.837479 0.39201 0.662311 0.125022
0.880695 0.444428 0.214596 0.131221 0.880327 0.885723 0.868358 0.161799 0.745011 0.538586
0.0220403 0.807208 0.79125 0.592061 0.434562 0.557112 0.829006 0.0969801 0.48974 0.00325769
0.0107879 0.895439 0.548767 0.551436 0.649855 0.482723 0.679847 0.199005 0.15031 0.768066
0.863993 0.0245159 0.979972 0.931008 0.416707 0.301869 0.1606 0.93265 0.618558 0.449144
0.107991 0.888824 0.0951692 0.076071 0.170152 0.797034 0.271504 0.285227 0.146263 0.67383
0.589202 0.676062 0.641925 0.877188 0.281814 0.752045 0.835158 0.939366 0.890565 0.244421
0.690285 0.322659 0.890409 0.221177 0.340651 0.165411 0.805446 0.00902379 0.234475 0.0710295
0.623456 0.481257 0.567599 0.896106 0.156061 0.668201 0.745405 0.759118 0.188672 0.731358
0.610387 0.240042 0.0877574 0.686019 0.195296 0.602853 0.438218 0.133266 0.0830256 0.204285
0.187533 0.478676 0.50281 0.923076 0.871482 0.354943 0.412232 0.734829 0.0611877 0.846763
0.490522 0.0717002 0.772769 0.455925 0.0046947 0.83769 0.654965 0.991898 0.381261 0.626611
0.920882 0.0435797 0.113723 0.862339 0.700732 0.733029 0.71033 0.0742342 0.594131 0.777555
0.85179 0.614121 0.459489 0.978029 0.692315 0.215507 0.762387 0.216365 0.814649 0.452556
0.66044 0.195161 0.924707 0.378541 0.66159 0.817326 0.156429 0.0531219 0.831501 0.608992
0.8238 0.709238 0.177154 0.342547 0.139055 0.624042 0.00764781 0.543605 0.657012 0.389043
0.410094 0.72549 0.145976 0.710838 0.71991 0.807982 0.225995 0.112375 0.54012 0.338711
0.11095 0.130759 0.963512 0.488166 0.125895 0.0161385 0.386476 0.115585 0.821592 0.934913
0.0586779 0.912859 0.802079 0.810614 0.155189 0.411906 0.575761 0.860744 0.032905 0.51213
0.229705 0.968851 0.81627 0.11261 0.344081 0.694226 0.973454 0.166404 0.00861162 0.19403
0.9914 0.230204 0.3997 0.287974 0.402021 0.997112 0.68009 0.503195 0.27012 0.569281
0.697721 0.178289 0.619863 0.86235 0.926641 0.696076 0.16438 0.222636 0.900715 0.867994
0.568443 0.831116 0.680402 0.549899 0.00211104 0.821644 0.235405 0.917294 0.61816 0.586766
0.0113704 0.964302 0.275513 0.112086 0.751568 0.787256 0.873807 0.945573 0.0957504 0.915662
0.474697 0.812049 0.441787 0.193449 0.0790267 0.268467 0.764141 0.687428 0.582405 0.903805
0.980642 0.822584 0.129195 0.732194 0.0987082 0.437994 0.617615 0.489811 0.277778 0.277402
0.496847 0.642711 0.627641 0.810349 0.544402 0.450386 0.832123 0.125813 0.761569 0.705384
0.248863 0.674025 0.0882142 0.545374 0.920231 0.518009 0.728537 0.86979 0.633461 0.679922
0.506027 0.957239 0.324285 0.234379 0.699387 0.72474 0.376454 0.83848 0.579734 0.902449
0.149182 0.173542 0.233013 0.563176 0.432827 0.847003 0.39871 0.577247 0.372032 0.675316
0.971662 0.211166 0.155851 0.703448 0.530678 0.959172 0.223679 0.045873 0.727838 0.276227
0.724411 0.542132 0.687604 0.752119 0.693856 0.284544 0.0437517 0.864099 0.150492 0.367665
0.22584 0.977501 0.341948 0.696183 0.100315 0.933007 0.235329 0.276863 0.947568 0.669173
0.498264 0.0658461 0.955189 0.470507 0.610552 0.939528 0.385947 0.388111 0.234662 0.299203
0.412332 0.237064 0.349924 0.859424 0.115 0.975827 0.853671 0.87029 0.365231 0.174608
0.986464 0.802879 0.846235 0.663417 0.852493 0.652973 0.0361045 0.711846 0.754142 0.214641
0.701629 0.960387 0.934893 0.412714 0.669087 0.795153 0.925113 0.555748 0.684873 0.88461
0.785089 0.80196 0.278292 0.429988 0.674845 0.829047 0.292753 0.6933 0.293728 0.900123
0.0935618 0.878061 0.787134 0.467686 0.230211 0.766749 0.492805 0.143798 0.407217 0.0771738
0.805518 0.770142 0.0128755 0.620498 0.361448 0.656232 0.345176 0.205243 0.485905 0.581395
0.81951 0.689796 0.129256 0.259309 0.925424 0.123846 0.386162 0.835889 0.432564 0.109242
0.848371 0.259164 0.639343 0.611468 0.261024 0.156417 0.353287 0.293065 0.697455 0.875537
0.489471 0.537162 0.542878 0.803782 0.425158 0.177698 0.656981 0.157913 0.457878 0.0573727
0.211447 0.117671 0.985783 0.580952 0.642708 0.614781 0.520843 0.325814 0.431781 0.254888
0.122034 0.633776 0.157198 0.296849 0.357135 0.576315 0.687987 0.971086 0.867529 0.810817
0.166267 0.280875 0.921974 0.062781 0.163435 0.0741737 0.762383 0.244215 0.286263 0.343278
0.360543 0.921718 0.579917 0.586301 0.57145 0.278381 0.938069 0.186784 0.196577 0.73032
0.441322 0.107153 0.776173 0.533113 0.751028 0.703973 0.198207 0.946965 0.491513 0.571705
0.987136 0.195909 0.295671 0.831874 0.426849 0.33973 0.896409 0.124634 0.294874 0.821252
0.708244 0.731601 0.0883643 0.175138 0.310895 0.06793 0.314747 0.317982 0.375078 0.75036
0.857379 0.703475 0.973153 0.21079 0.840302 0.141317 0.31723 0.414085 0.0856138 0.621243
0.0180219 0.233347 0.564306 0.495594 0.886786 0.301922 0.466046 0.277244 0.209215 0.0236698
0.721022 0.605081 0.0105511 0.703189 0.0557749 0.872186 0.459673 0.77094 0.529053 0.056139
0.450719 0.856 0.0875701 0.69059 0.16448 0.204024 0.700909 0.619379 0.0694912 0.308631
0.340896 0.212829 0.584992 0.429469 0.397768 0.224906 0.208184 0.44799 0.36003 0.48325
0.517815 0.528492 0.311018 0.0694463 0.990155 0.52027 0.880506 0.460866 0.465714 0.38764
0.978361 0.993222 0.871179 0.484939 0.139465 0.085608 0.541236 0.633161 0.983616 0.305887
0.00441335 0.43217 0.999187 0.672873 0.352587 0.868954 0.406927 0.93747 0.289157 0.0598555
0.162746 0.00579591 0.150825 0.441454 0.988282 0.947125 0.74072 0.492848 0.857984 0.0530955
0.867833 0.753068 0.610892 0.787213 0.519072 0.823918 0.82199 0.851404 0.184627 0.848011
0.412345 0.887086 0.991197 0.854948 0.269797 0.292665 0.18535 0.398949 0.806041 0.0446915
0.444697 0.119232 0.365637 0.100158 0.625109 0.825708 0.141306 0.385979 0.37671 0.0675343
0.919739 0.345297 0.300801 0.618293 0.271519 0.431983 0.702903 0.57351 0.163524 0.91758
0.434132 0.942529 0.782415 0.54631 0.287505 0.692155 0.283359 0.0308494 0.246546 0.211478
0.715478 0.972441 0.938758 0.0604526 0.0149852 0.499803 0.589042 0.234844 0.361502 0.235344
0.0159786 0.572181 0.350446 0.678353 0.00404715 0.362884 0.909332 0.0877538 0.92189 0.80378
0.460571 0.275826 0.15523 0.865468 0.742631 0.977438 0.341731 0.51983 0.98049 0.691345
0.828898 0.296575 0.505325 0.226747 0.164083 0.454123 0.565501 0.588198 0.979329 0.337329
0.193307 0.828585 0.987647 0.173315 0.907996 0.510383 0.354196 0.308794 0.587974 0.139644
0.835602 0.515394 0.0833462 0.659762 0.705238 0.773102 0.732582 0.0678294 0.0341045 0.000908103
0.788381 0.582465 0.30813 0.851794 0.196561 0.479451 0.974549 0.474756 0.17204 0.0263081
0.0543083 0.583202 0.54341 0.831856 0.331731 0.238591 0.179643 0.681657 0.489971 0.314103
0.70736 0.38733 0.952933 0.143226 0.147406 0.697005 0.722061 0.465474 0.531294 0.36209
0.147181 0.85855 0.0139025 0.959976 0.798476 0.497975 0.334699 0.448012 0.76283 0.816459
0.354606 0.398732 0.95035 0.00415748 0.71871 0.478439 0.93446 0.860068 0.132833 0.688229
