0.0597532 0.129642 0.118444 0.0129724 0.0069115 0.119579 0.174564 0.0193241 0.180023 0.178787
0.143106 0.134687 0.125936 0.129082 0.0942999 0.0876336 0.038787 0.163215 0.0379845 0.0452695
0.0241692 0.0316478 0.00470371 0.195546 0.132614 0.160351 0.0993003 0.196486 0.126582 0.0286
0.131173 0.068688 0.0573646 0.221173 0.0132769 0.0843009 0.0142999 0.181891 0.0841214 0.143711
0.103421 0.22118 0.184548 0.138865 0.144177 0.00440178 0.032526 0.0459664 0.0435672 0.0813473
0.00801106 0.0844411 0.120321 0.00721322 0.0163302 0.194107 0.145245 0.116837 0.187587 0.119908
0.011873 0.132034 0.10161 0.0707467 0.152058 0.130105 0.116453 0.160567 0.0811558 0.0433978
0.106449 0.123765 0.117618 0.138331 0.0649695 0.168411 0.0847927 0.0893223 0.0343263 0.0720146
0.0706774 0.167371 0.111313 0.064678 0.0267577 0.126499 0.120246 0.160646 0.0324954 0.119317
0.195323 0.229345 0.100693 0.0196506 0.109976 0.000942116 0.0324863 0.0376938 0.110465 0.163425
0.0967631 0.0917247 0.0725688 0.110046 0.149449 0.209381 0.0892893 0.0230925 0.110775 0.0469107
0.0317211 0.00561724 0.0565594 0.0487955 0.0283045 0.155102 0.193954 0.137715 0.152984 0.189248
0.0832149 0.122338 0.00902197 0.116772 0.156747 0.0951699 0.149265 0.109292 0.0086991 0.149481
0.0552927 0.0421688 0.074647 0.174112 0.130882 0.0184489 0.0195942 0.155367 0.0998675 0.229621
0.0366366 0.156456 0.171685 0.132982 0.111328 0.0490553 0.0572216 0.0750893 0.0964862 0.113059
0.122371 0.0412113 0.156798 0.0168609 0.13924 0.0102107 0.0903794 0.105155 0.125347 0.192426
0.0876042 0.100532 0.101505 0.0552737 0.103109 0.134453 0.110067 0.0704039 0.119785 0.117266
0.176906 0.018402 0.0391273 0.124755 0.11984 0.0146116 0.198973 0.102514 0.0631581 0.141713
0.18335 0.1685 0.132364 0.0880317 0.0745388 0.00201452 0.150669 0.023353 0.111663 0.0655164
0.199764 0.109712 0.191182 0.0333457 0.035979 0.0343138 0.0880282 0.194855 0.0527683 0.060052
0.0936875 0.00657884 0.175289 0.0987244 0.0435844 0.0854776 0.123551 0.125474 0.140423 0.10721
0.129147 0.0673778 0.244598 0.00541658 0.0679729 0.167179 0.150591 0.116252 0.0349737 0.0164911
0.170097 0.202936 0.120613 0.128764 0.114835 0.0800693 0.0128231 0.0852471 0.0811144 0.00350041
0.0143196 0.0250359 0.126044 0.156041 0.160299 0.130514 0.100996 0.14287 0.0378114 0.10607
0.121489 0.037388 0.087743 0.128199 0.0881791 0.0997832 0.147078 0.0972755 0.0540632 0.138801
0.144929 0.0288357 0.230227 0.0181414 0.0685818 0.00675107 0.245904 0.171255 0.0553055 0.0300701
0.0481367 0.0296535 0.169635 0.112731 0.158787 0.12998 0.100861 0.19148 0.0212156 0.0375208
0.0788487 0.251415 0.0482629 0.110229 0.0716049 0.125427 0.0424925 0.169676 0.0324247 0.0696188
0.0689356 0.104142 0.127582 0.158425 0.145657 0.0231677 0.122258 0.0307086 0.182872 0.0362525
0.11671 0.1619 0.144171 0.0486157 0.0929425 0.0257191 0.119312 0.11318 0.153584 0.0238656
0.148905 0.105937 0.0276603 0.0975094 0.117977 0.0946904 0.00329323 0.162403 0.128292 0.113333
0.142524 0.0249314 0.140015 0.0828561 0.0389076 0.099948 0.124062 0.149906 0.151499 0.0453514
0.0901608 0.00457374 0.140977 0.120029 0.0647579 0.159779 0.0691213 0.108003 0.100474 0.142124
0.163829 0.0785939 0.18599 0.128391 0.0903808 0.0686426 0.0752364 0.117653 0.07899 0.0122929
0.0998034 0.148241 0.1563 0.114594 0.00200737 0.142204 0.148797 0.0706692 0.056416 0.0609679
0.107739 0.0491142 0.0512382 0.156705 0.132959 0.0819127 0.15675 0.0914682 0.161984 0.01013
0.166865 0.15206 0.0709709 0.0328576 0.0362016 0.142891 0.0366742 0.125103 0.0702305 0.166146
0.180312 0.0767563 0.099311 0.121704 0.154825 0.000239225 0.024139 0.167884 0.0276393 0.14719
0.127496 0.0796099 0.107311 0.0652264 0.0724071 0.0927952 0.0767371 0.132527 0.101571 0.14432
0.0567484 0.13935 0.0685747 0.145172 0.0773194 0.0817503 0.149606 0.00909855 0.121768 0.150612
0.0291089 0.0871638 0.115578 0.131342 0.0890537 0.130148 0.0716692 0.0382063 0.136107 0.171623
0.0978144 0.121511 0.061311 0.100101 0.045191 0.131673 0.159126 0.0634004 0.147859 0.0720129
0.0571514 0.12056 0.066886 0.150295 0.0599884 0.176942 0.086088 0.0388965 0.13287 0.110323
0.0600302 0.160506 0.0618775 0.114819 0.136963 0.0747802 0.11239 0.0233446 0.169351 0.0859383
0.0724919 0.237473 0.0210099 0.071051 0.00619065 0.122025 0.00287384 0.217847 0.146082 0.102956
0.0334864 0.0573624 0.0188806 0.122947 0.00325298 0.190312 0.142992 0.0647713 0.193368 0.172628
0.0992551 0.0617714 0.0424354 0.00949601 0.10092 0.0375541 0.123843 0.200869 0.189674 0.134183
0.0235429 0.108121 0.0697198 0.0884238 0.0228676 0.0243025 0.0884403 0.225197 0.152597 0.196788
0.0292127 0.0176494 0.164054 0.125993 0.0230856 0.176992 0.0670714 0.154561 0.1573 0.0840805
0.179829 0.0418344 0.147543 0.0789447 0.0578733 0.0923839 0.0533904 0.0929938 0.143864 0.111343
0.110638 0.0780677 0.113065 0.072256 0.00607904 0.158445 0.108225 0.0843047 0.169244 0.0996758
0.134674 0.129813 0.199016 0.0883661 0.18556 0.0126885 0.07008 0.00315364 0.120647 0.0560013
0.0441011 0.0432418 0.0412509 0.156082 0.102516 0.140212 0.117269 0.154543 0.0564803 0.144304
0.062977 0.145957 0.0887961 0.0160574 0.0941091 0.0970441 0.235462 0.101144 0.0754684 0.0829856
0.134926 0.074438 0.100197 0.0601409 0.113021 0.103301 0.114924 0.0519065 0.0982801 0.148866
0.0641048 0.209394 0.0899294 0.15403 0.0514707 0.0931383 0.0599448 0.169416 0.0397744 0.0687987
0.00729128 0.0645382 0.184028 0.0567879 0.152857 0.199558 0.09633 0.0291309 0.137436 0.0720414
0.0343164 0.196886 0.111687 0.150028 0.0268677 0.0524386 0.041922 0.139197 0.0752626 0.171394
0.015658 0.193984 0.0144423 0.0617761 0.126723 0.160492 0.17905 0.0319441 0.0482264 0.167704
0.0711087 0.0593542 0.127401 0.187096 0.169778 0.0413918 0.0497726 0.0210908 0.106821 0.166187
0.177584 0.133763 0.0239091 0.00821474 0.101712 0.0867135 0.0791947 0.15914 0.0681825 0.161586
0.00478364 0.158425 0.100815 0.076903 0.142506 0.0773781 0.0939725 0.107556 0.149488 0.0881723
0.118262 0.0476675 0.160506 0.138641 0.104501 0.0147503 0.160427 0.0131841 0.114985 0.127077
0.114817 0.14274 0.0687788 0.0974425 0.0790039 0.132417 0.0507281 0.116905 0.124068 0.0730996
0.275609 0.148118 0.1669 0.00479357 0.00625648 0.190272 0.05115 0.0645681 0.086087 0.0062456
0.0503663 0.129487 0.0601651 0.0406207 0.280709 0.0855944 0.0933453 0.120316 0.124245 0.0151512
0.0435509 0.084963 0.162117 0.0292693 0.0992645 0.202815 0.0579715 0.189166 0.0841005 0.0467818
0.0532893 0.0595352 0.179333 0.124038 0.0607296 0.0824417 0.104574 0.134331 0.135999 0.0657301
0.00136042 0.12016 0.0441857 0.161013 0.015264 0.229167 0.0934131 0.0386778 0.206269 0.0904902
0.109246 0.105179 0.15811 0.0283446 0.152072 0.00190811 0.17524 0.0702332 0.141357 0.0583105
0.172286 0.152657 0.227833 0.0609132 0.0156093 0.0847289 0.0724643 0.0537286 0.131794 0.027986
0.00726948 0.00974344 0.0873512 0.0700259 0.0469843 0.117375 0.118777 0.360764 0.125642 0.0560676
0.0685165 0.0964689 0.13805 0.121351 0.0660132 0.101808 0.190919 0.0416297 0.151388 0.0238561
0.183766 0.0748486 0.07182 0.025392 0.234466 0.0836809 0.0190523 0.051267 0.0192607 0.236447
0.170656 0.17091 0.00431681 0.0552438 0.0636338 0.0783122 0.0515597 0.153698 0.158837 0.0928326
0.153914 0.0711566 0.109476 0.0717919 0.133127 0.0109963 0.103192 0.133969 0.156574 0.0558027
0.164157 0.0544886 0.0453089 0.0207069 0.0328887 0.14065 0.107694 0.152846 0.126197 0.155063
0.0543094 0.076363 0.189737 0.0619688 0.0909081 0.136223 0.174922 0.00538775 0.135749 0.0744314
0.0219736 0.123915 0.174626 0.160782 0.13601 0.097877 0.0141939 0.14441 0.0169718 0.109242
0.0514931 0.0506399 0.0873972 0.146518 0.0483874 0.154886 0.153797 0.0281604 0.148773 0.129949
0.0294324 0.17141 0.203603 0.087335 0.193711 0.0177502 0.049558 0.14426 0.0970459 0.00589417
0.00319991 0.0606387 0.173683 0.167762 0.13772 0.0270183 0.0960563 0.169569 0.00912508 0.155228
0.0447062 0.197482 0.00132402 0.122327 0.0596935 0.120862 0.0878893 0.0568428 0.196833 0.11204
0.0518049 0.132922 0.0661952 0.117114 0.0395821 0.142021 0.14798 0.112166 0.0489651 0.141249
0.0479451 0.028789 0.188246 0.141644 0.102029 0.150307 0.156064 0.00805881 0.0836781 0.0932391
0.00205901 0.119618 0.0105283 0.0683588 0.0802246 0.175146 0.179604 0.100261 0.188047 0.0761529
0.183903 0.207455 0.194753 0.0584542 0.0536749 0.0171093 0.0543214 0.056432 0.0633058 0.110591
0.215266 0.2144 0.0614546 0.0178714 0.0277936 0.0116492 0.0865471 0.235222 0.0182791 0.111517
0.0593325 0.031722 0.107081 0.176181 0.118009 0.0923117 0.123509 0.0917949 0.107161 0.0928979
0.157685 0.225815 0.0375953 0.00418397 0.0210255 0.231891 0.015371 0.0769683 0.125699 0.103766
0.18059 0.0695882 0.0620254 0.150841 0.00813888 0.118989 0.00508734 0.108417 0.135039 0.161284
0.0232988 0.139423 0.0225095 0.0974016 0.0979529 0.0764683 0.163968 0.155474 0.135717 0.0877869
0.130269 0.123754 0.0373115 0.0324686 0.114116 0.144566 0.109789 0.133378 0.105176 0.069172
0.108701 0.115669 0.0718181 0.157818 0.117119 0.04177 0.141875 0.0394852 0.166238 0.0395074
0.17393 0.0300968 0.200029 0.159807 0.012466 0.0159244 0.0271319 0.175832 0.110606 0.0941781
0.199765 0.0175026 0.11184 0.113681 0.14111 0.0758051 0.195354 0.0788771 0.0400331 0.0260312
0.164386 0.0921296 0.0420912 0.111776 0.0926611 0.179685 0.15102 0.118122 0.00217294 0.0459558
0.110831 0.0343117 0.171041 0.0164862 0.0147485 0.158939 0.13437 0.0941582 0.113856 0.151258
0.129602 0.123657 0.0780945 0.129723 0.0140078 0.0571485 0.135107 0.157301 0.171403 0.00395709
0.158257 0.0762126 0.161843 0.087745 0.0739385 0.0601747 0.139606 0.039281 0.109152 0.0937898
0.085252 0.13074 0.0677143 0.157369 0.106219 0.0587664 0.102904 0.0532074 0.125096 0.112732
0.0134391 0.0254707 0.0754175 0.127008 0.102914 0.0564292 0.204807 0.0290888 0.127009 0.238416
0.20268 0.0895092 0.112019 0.00700478 0.238114 0.0337649 0.0691309 0.13205 0.018387 0.0973396
0.0251656 0.190783 0.0862666 0.21886 0.0871776 0.0166813 0.18094 0.015601 0.000211511 0.178314
0.0175065 0.184626 0.0303621 0.187559 0.0165743 0.0838495 0.0714823 0.138489 0.186616 0.0829359
0.0436543 0.171175 0.0678902 0.0330189 0.115462 0.145408 0.0730911 0.104596 0.169882 0.0758235
0.142593 0.130269 0.091527 0.0113554 0.034923 0.185025 0.0950387 0.115309 0.133347 0.0606125
0.0668499 0.16763 0.119025 0.101364 0.139329 0.0447839 0.118924 0.0237136 0.102167 0.116212
0.134433 0.0534659 0.0534082 0.132524 0.122439 0.13589 0.175137 0.0228319 0.136894 0.032976
0.0463251 0.068573 0.228795 0.00665145 0.21221 0.0205633 0.112072 0.115673 0.119996 0.0691401
0.0346932 0.100733 0.117281 0.0923531 0.149297 0.174765 0.0107299 0.157582 0.0374643 0.1251
0.0691051 0.0712965 0.0696416 0.0777072 0.0364505 0.111818 0.178023 0.158654 0.0429996 0.184305
0.0932746 0.17105 0.0359352 0.0411313 0.137395 0.0793058 0.000643713 0.166377 0.271319 0.00356761
0.00182964 0.144166 0.142811 0.0612537 0.0225795 0.0249345 0.0830172 0.101307 0.221226 0.196876
0.154527 0.0245085 0.0940907 0.0372911 0.107264 0.110549 0.189144 0.0716885 0.0254467 0.185491
0.0503434 0.1456 0.0350297 0.0346608 0.111146 0.164998 0.174659 0.0839595 0.0308991 0.168704
0.126077 0.182883 0.143567 0.0408905 0.134896 0.0239033 0.0786785 0.10087 0.00024342 0.167991
0.024858 0.0813704 0.0991786 0.0283604 0.192393 0.122447 0.125701 0.205898 0.101908 0.0178864
0.00794603 0.122572 0.193019 0.0634231 0.0658145 0.0480402 0.174675 0.141516 0.161653 0.0213422
0.140694 0.0776945 0.0973695 0.00622031 0.19735 0.0911472 0.152831 0.110885 0.0498975 0.0759098
0.0729303 0.068762 0.0417556 0.0386642 0.00683125 0.0101955 0.232244 0.200281 0.0725775 0.255759
0.0554863 0.08569 0.120664 0.105314 0.0985938 0.145892 0.159883 0.0103396 0.200879 0.0172585
0.0543691 0.159346 0.0641777 0.17134 0.0347521 0.0356264 0.0380786 0.169429 0.145555 0.127327
0.159001 0.183605 0.183689 0.0872276 0.0661441 0.12495 0.0313789 0.0596368 0.0486867 0.0556806
0.13921 0.0925271 0.162748 0.038085 0.113269 0.15096 0.129769 0.011091 0.0228454 0.139494
0.0352733 0.138082 0.185324 0.090492 0.077144 0.0567905 0.0712387 0.187618 0.0200412 0.137996
0.160072 0.103163 0.085628 0.0657014 0.107212 0.147477 0.0886797 0.0980122 0.0818366 0.0622182
0.0562856 0.0960355 0.120229 0.0812833 0.126026 0.124001 0.21661 0.0941813 0.076944 0.00840358
0.0978066 0.00286828 0.154061 0.105609 0.0622124 0.14754 0.142269 0.00586584 0.159685 0.122083
0.12051 0.124819 0.082643 0.00091848 0.177061 0.0747555 0.146102 0.0626691 0.150093 0.0604289
0.164454 0.0995447 0.0730134 0.0767286 0.0063988 0.113261 0.0508375 0.120642 0.187658 0.107463
0.0341481 0.111451 0.147794 0.0481515 0.17203 0.133596 0.0851181 0.0866666 0.0192048 0.16184
0.069145 0.123328 0.0831218 0.022424 0.0255789 0.120264 0.106682 0.157141 0.150956 0.141359
0.117675 0.134437 0.0997691 0.0842421 0.135085 0.150406 0.0806958 0.0196377 0.0812352 0.0968165
0.0177788 0.104851 0.0957277 0.156648 0.138956 0.110866 0.0576511 0.120559 0.114209 0.0827533
0.09368 0.0907563 0.150231 0.0792146 0.106954 0.152333 0.0524845 0.0629574 0.10408 0.107309
0.00508602 0.131524 0.109896 0.149752 0.148538 0.032203 0.127036 0.145397 0.093556 0.0570117
0.161362 0.147068 0.0680972 0.149593 0.01329 0.134698 0.0272226 0.140159 0.0558681 0.102641
0.0747734 0.163359 0.21163 0.170504 0.142403 0.0776105 0.00999079 0.0906726 0.0119346 0.047123
0.00977292 0.122367 0.0862521 0.205426 0.188936 0.0337883 0.161185 0.0569015 0.0382292 0.0971432
0.0852461 0.0501415 0.0619011 0.150557 0.00833421 0.094881 0.16913 0.114096 0.129217 0.136496
0.0420369 0.109605 0.0288708 0.112514 0.135881 0.135839 0.151377 0.0891112 0.101578 0.0931866
0.0702687 0.0617151 0.0964811 0.103281 0.140431 0.116459 0.115773 0.0308904 0.0977704 0.16693
0.151357 0.0490928 0.0519144 0.158288 0.128287 0.185742 0.0165447 0.156206 0.0550177 0.0475513
0.0372214 0.0772511 0.190038 0.0958572 0.209619 0.0731052 0.0501234 0.0609873 0.0621486 0.143649
0.0856706 0.183281 0.0692419 0.0824272 0.0139445 0.0456604 0.109947 0.130311 0.181509 0.0980078
0.0365463 0.22573 0.113894 0.0172974 0.129151 0.10069 0.0394266 0.122338 0.0341279 0.180798
0.0541039 0.100317 0.16482 0.11093 0.0794839 0.0788307 0.161978 0.0868272 0.0180955 0.144614
0.24902 0.0471827 0.0398598 0.101213 0.22669 0.006466 0.100706 0.0301207 0.185539 0.0132034
0.150983 0.0685505 0.123264 0.207093 0.0465008 0.0421655 0.0661699 0.132344 0.0662998 0.096629
0.112013 0.133343 0.106818 0.117533 0.0643465 0.0697605 0.160394 0.0203484 0.156772 0.0586719
0.0581908 0.0487988 0.0541901 0.116809 0.0558758 0.168222 0.0752881 0.151578 0.114378 0.156671
0.14968 0.120327 0.00641632 0.227359 0.21811 0.0316516 0.132156 0.0157462 0.015217 0.0833385
0.0997871 0.137385 0.209371 0.10682 0.0231428 0.0764874 0.0866311 0.0719933 0.170089 0.0182931
0.0177332 0.030993 0.0749702 0.103615 0.18203 0.0604884 0.15768 0.100821 0.124354 0.147317
0.139138 0.0731515 0.0515256 0.171084 0.134291 0.152469 0.120914 0.0751502 0.0379401 0.044336
0.160894 0.045019 0.0165873 0.0910973 0.135864 0.103741 0.0677503 0.119507 0.117107 0.142433
0.0599005 0.0652799 0.0793903 0.115118 0.0818059 0.162503 0.11611 0.0986269 0.126415 0.0948503
0.064568 0.149185 0.124635 0.0538398 0.0990092 0.142698 0.138936 0.0330544 0.115179 0.0788959
0.22993 0.130437 0.106469 0.142984 0.056727 0.103474 0.0337438 0.0201014 0.111773 0.0643596
0.0749236 0.132699 0.0109981 0.148957 0.143048 0.0113723 0.167228 0.0313338 0.115751 0.163688
0.186016 0.0374147 0.117333 0.056407 0.201601 0.189464 0.0295751 0.0466232 0.000638702 0.134927
0.0325705 0.140106 0.109039 0.24379 0.0444761 0.142555 0.0217503 0.128001 0.136149 0.00156299
0.102164 0.0536326 0.0435641 0.0780698 0.0211134 0.205853 0.130627 0.19692 0.158051 0.0100044
0.14108 0.0833828 0.0472251 0.0125144 0.0506758 0.149176 0.0393569 0.142023 0.204356 0.13021
0.028838 0.128445 0.0116511 0.0965434 0.137104 0.143806 0.143276 0.0939358 0.133667 0.0827335
0.158914 0.0638724 0.134042 0.0629244 0.0670967 0.0204998 0.167718 0.0675806 0.145727 0.111624
0.0812261 0.135353 0.0060684 0.143187 0.0235931 0.161016 0.134735 0.0647465 0.167718 0.0823571
0.0283834 0.0995406 0.107107 0.183438 0.00455418 0.0768613 0.0604943 0.219058 0.0559511 0.164613
0.0123571 0.230366 0.116503 0.0413777 0.0131711 0.0881925 0.203229 0.168683 0.0701593 0.0559605
0.104098 0.0871922 0.166439 0.00556117 0.123217 0.0681614 0.111351 0.153124 0.0272916 0.153564
0.026793 0.173763 0.157235 0.00969914 0.178345 0.0819169 0.0190206 0.171807 0.107251 0.0741698
0.00810406 0.0894726 0.0781555 0.137275 0.176981 0.027069 0.131997 0.099173 0.149667 0.102107
0.0706493 0.161981 0.0667916 0.0662648 0.149981 0.159144 0.00848147 0.120139 0.0584782 0.13809
0.203297 0.113657 0.0320037 0.0773644 0.0781297 0.0879506 0.125592 0.179176 0.048515 0.054314
0.154229 0.174809 0.0712239 0.00453359 0.10283 0.0954727 0.143449 0.135907 0.110352 0.00719525
0.0529475 0.133193 0.104225 0.198077 0.0233971 0.0923627 0.146672 0.159801 0.0258967 0.0634285
0.159184 0.119617 0.060722 0.069294 0.0129776 0.0931373 0.0293721 0.107133 0.209266 0.139296
0.221988 0.0159186 0.180048 0.0135404 0.0838293 0.0237727 0.0511931 0.0751138 0.179625 0.154972
0.0937032 0.16101 0.0649758 0.15496 0.117946 0.0188955 0.0187215 0.0837185 0.16537 0.1207
0.0468774 0.0915988 0.143706 0.127072 0.0861668 0.104637 0.0329486 0.147428 0.0824947 0.13707
0.00331367 0.142034 0.0212885 0.102352 0.015556 0.158271 0.159091 0.118643 0.084996 0.194455
0.160866 0.0579265 0.120725 0.0810064 0.0471505 0.055235 0.146442 0.128703 0.0804428 0.121502
0.126782 0.162132 0.0864029 0.0839538 0.196809 0.0521754 0.109828 0.161053 0.0205603 0.000303542
0.00593242 0.0944065 0.0232009 0.0601949 0.0731487 0.094072 0.161908 0.176196 0.127419 0.183522
0.0373566 0.105827 0.0108133 0.0688298 0.142598 0.140618 0.175102 0.0921022 0.0486563 0.178097
0.13623 0.103933 0.0298262 0.0842383 0.0693685 0.135606 0.184306 0.0960764 0.150947 0.00946709
0.149763 0.0201428 0.116903 0.0883047 0.054511 0.125693 0.183325 0.132111 0.0151999 0.114047
0.0951516 0.0917456 0.134286 0.182293 0.0186269 0.0423408 0.200029 0.0687957 0.0399277 0.126804
0.120113 0.157817 0.0560885 0.108032 0.125123 0.0321221 0.0141919 0.138352 0.110754 0.137406
0.0144404 0.163597 0.031459 0.0800412 0.0334237 0.168642 0.0709333 0.147776 0.10495 0.184738
0.10837 0.139246 0.0199437 0.129715 0.077348 0.160404 0.0867897 0.0495228 0.106628 0.122032
0.173531 0.110776 0.0618282 0.0695268 0.0629242 0.152549 0.110798 0.0744086 0.0121301 0.171529
0.0481575 0.0874203 0.119351 0.152687 0.167178 0.0122819 0.0409456 0.0792524 0.123607 0.169119
0.0248652 0.185531 0.0488852 0.0787363 0.102373 0.109138 0.136626 0.208952 0.0329252 0.0719682
0.201437 0.0205898 0.154847 0.206556 0.190551 0.0470531 0.0521061 0.0343832 0.07789 0.0145869
0.0471707 0.130266 0.135998 0.0711162 0.0700476 0.0884225 0.14881 0.103442 0.0478346 0.156892
0.140348 0.0801127 0.0209724 0.047501 0.0557354 0.163342 0.0654786 0.129244 0.156739 0.140528
0.060042 0.153704 0.109383 0.127755 0.173023 0.10467 0.0126528 0.121568 0.0368475 0.100353
0.032981 0.0545244 0.00163823 0.240962 0.183225 0.0974792 0.00496083 0.122197 0.13995 0.122082
0.151536 0.141513 0.0334824 0.0258367 0.0440415 0.0370418 0.00649566 0.197008 0.229801 0.133245
0.0385222 0.188723 0.0682523 0.0469198 0.177383 0.175084 0.0870753 0.0176156 0.00492934 0.195496
0.163083 0.107765 0.0808285 0.0385921 0.159655 0.159929 0.0636231 0.034228 0.065003 0.127293
0.119889 0.0392164 0.173214 0.0874337 0.0478993 0.0595945 0.0229648 0.165694 0.0636213 0.220472
0.00462548 0.22642 0.0755558 0.0355044 0.0632902 0.0141308 0.10959 0.229445 0.0215263 0.219913
0.0907782 0.136226 0.143674 0.165275 0.138447 0.025722 0.00160952 0.157242 0.00236659 0.13866
0.0594392 0.0780417 0.103704 0.103124 0.119694 0.160275 0.0204183 0.167521 0.0624629 0.12532
0.0847328 0.0567432 0.124297 0.180726 0.102928 0.137017 0.147592 0.0763025 0.0108086 0.078853
0.0798828 0.0876645 0.0612419 0.170149 0.146745 0.115499 0.0673738 0.0843544 0.116077 0.0710124
0.0601821 0.11951 0.142232 0.0467458 0.0651005 0.0780835 0.0991247 0.148528 0.150165 0.0903292
0.0166063 0.110194 0.171297 0.0128558 0.163949 0.0545609 0.0552343 0.175909 0.163593 0.0758011
0.0335343 0.120716 0.0700887 0.0891265 0.127372 0.203922 0.157099 0.0322837 0.0656638 0.100194
0.00771086 0.115454 0.15161 0.128477 0.154108 0.0283217 0.0415461 0.140123 0.113186 0.119464
0.0372975 0.0414817 0.107077 0.212117 0.111711 0.216117 0.190483 0.0263168 0.0557503 0.00164755
0.0861256 0.205831 0.0083796 0.0263924 0.150761 0.109935 0.00758457 0.217727 0.0657109 0.121553
0.0628811 0.117721 0.0183908 0.148513 0.172968 0.137193 0.00377186 0.150735 0.0134987 0.174328
0.0209376 0.0155352 0.138521 0.211709 0.0270174 0.0529626 0.293519 0.0297743 0.17985 0.0301734
0.0969723 0.164987 0.0310812 0.140798 0.147391 0.0166825 0.126859 0.150026 0.0765925 0.0486098
0.0350097 0.187849 0.147996 0.0765601 0.0102212 0.134218 0.00977228 0.125907 0.13261 0.139858
0.166491 0.147451 0.0176479 0.021269 0.151428 0.00398826 0.148794 0.0624123 0.145167 0.135351
0.15248 0.0359892 0.169727 0.0672552 0.00372737 0.0739553 0.177812 0.131819 0.126698 0.0605359
0.138613 0.148647 0.0961174 0.143608 0.0706507 0.12882 0.0439614 0.0721588 0.123151 0.0342723
0.0720323 0.146967 0.0132753 0.147267 0.105001 0.065002 0.0841981 0.172913 0.0872993 0.106045
0.00572077 0.177575 0.175908 0.0177043 0.188749 0.0685004 0.08486 0.141725 0.116049 0.0232088
0.014668 0.139129 0.0393634 0.165864 0.128909 0.0251312 0.047616 0.151477 0.136366 0.151476
0.191652 0.0959753 0.0382134 0.0741566 0.0356188 0.0715672 0.17525 0.211764 0.0438142 0.0619884
0.113965 0.144064 0.0410512 0.12874 0.161995 0.149133 0.14862 0.0361691 0.0484969 0.0277644
0.167426 0.150856 0.000524588 0.0969735 0.106441 0.155156 0.0111735 0.130834 0.125373 0.0552418
0.0992834 0.161688 0.0180141 0.149413 0.0110822 0.183359 0.153999 0.0339725 0.105972 0.0832167
0.0992127 0.0899018 0.0938119 0.0690713 0.13057 0.117864 0.103891 0.0566952 0.106292 0.132691
0.0770325 0.11451 0.0766411 0.0502916 0.0295062 0.216251 0.0770206 0.0666713 0.101656 0.19042
0.0226125 0.165462 0.0213774 0.0433489 0.144369 0.038274 0.138457 0.143469 0.14424 0.138391
0.148867 0.141228 0.0968118 0.141612 0.0693605 0.0976295 0.0809207 0.0326211 0.149052 0.0418975
0.106468 0.099599 0.140827 0.140306 0.0913287 0.140592 0.0857019 0.108875 0.0640329 0.0222702
0.145403 0.00198617 0.131743 0.122904 0.0256433 0.161814 0.0526499 0.0843761 0.13179 0.14169
0.0997786 0.0266041 0.0484838 0.139998 0.042726 0.0721368 0.15241 0.121445 0.12845 0.167968
0.121698 0.086966 0.15346 0.164868 0.0299609 0.0239844 0.0990763 0.144271 0.0299392 0.145776
0.0196649 0.134899 0.161677 0.00314486 0.141366 0.0457612 0.0487266 0.232419 0.134089 0.0782519
0.0522521 0.248498 0.1557 0.0193713 0.125378 0.0282588 0.0584928 0.0989671 0.156247 0.0568346
0.151518 0.128143 0.0547414 0.134886 0.0678113 0.104889 0.031985 0.0632499 0.129003 0.133773
0.00986217 0.118428 0.0841127 0.151662 0.0636738 0.164308 0.0069648 0.173008 0.192619 0.0353618
0.192504 0.140403 0.0687725 0.0683274 0.170134 0.0793026 0.0546388 0.093869 0.0605982 0.0714504
0.0610122 0.0299361 0.093659 0.162763 0.197859 0.0931263 0.0740221 0.137157 0.13015 0.0203146
0.166189 0.0775661 0.0322636 0.118674 0.117395 0.105721 0.0447952 0.160274 0.0405512 0.13657
0.103086 0.0214836 0.139219 0.115284 0.111472 0.110614 0.136427 0.0681866 0.102876 0.0913518
0.140838 0.0335648 0.123969 0.0740081 0.167441 0.159142 0.0180104 0.076616 0.066761 0.139649
0.143787 0.174593 0.13325 0.0104387 0.127811 0.0109223 0.0681438 0.0675343 0.137828 0.125691
0.045849 0.0788097 0.123065 0.141236 0.0442759 0.120807 0.0846976 0.171021 0.0397119 0.150528
0.172877 0.133079 0.0259068 0.0553059 0.0880523 0.15476 0.101215 0.139607 0.112668 0.016528
0.0150089 0.00983139 0.195657 0.0947822 0.0780238 0.0997691 0.167049 0.0508947 0.1075 0.181484
0.176977 0.009955 0.182992 0.123502 0.0217198 0.0183862 0.038845 0.149541 0.187763 0.0903186
0.0209182 0.00858785 0.104905 0.224654 0.0504916 0.0998595 0.0557453 0.0869694 0.225574 0.122295
0.20885 0.131456 0.0503649 0.0674485 0.175112 0.174115 0.000265097 0.00891181 0.0885338 0.0949427
0.209784 0.0457209 0.0251443 0.11576 0.0631139 0.0786298 0.121492 0.0122253 0.159701 0.16843
0.0629202 0.00488768 0.11759 0.163341 0.186117 0.0701539 0.0965665 0.0278066 0.125311 0.145306
0.246319 0.0104822 0.00589684 0.104249 0.0745737 0.000680129 0.0603938 0.0506785 0.203368 0.243359
0.0676306 0.0503792 0.150036 0.085107 0.137169 0.0777397 0.0538999 0.108314 0.113566 0.156158
0.0953462 0.138118 0.147653 0.0617589 0.165332 0.131064 0.00947299 0.113954 0.114184 0.0231174
0.160461 0.017671 0.090628 0.137805 0.151613 0.0804416 0.0569201 0.142074 0.0652454 0.0971408
0.295041 0.108725 0.0484436 0.0799793 0.0641142 0.0310002 0.0461399 0.00630593 0.247578 0.072673
0.0914815 0.0921577 0.162559 0.000306319 0.0814856 0.0610194 0.148002 0.122186 0.141749 0.0990542
0.110084 0.0733004 0.0873006 0.179116 0.0990842 0.0222831 0.162272 0.16507 0.0875189 0.0139713
0.139229 0.115555 0.086774 0.130356 0.112759 0.082479 0.0897917 0.114555 0.0565126 0.071989
0.16974 0.255036 0.00132481 0.0606563 0.0507805 0.118633 0.156587 0.0549587 0.0448622 0.0874219
0.127382 0.178735 0.0860006 0.0456694 0.117096 0.140131 0.0188269 0.0909421 0.0220685 0.173148
0.125772 0.0499151 0.0304225 0.112536 0.148846 0.143627 0.139557 0.0645761 0.0577249 0.127023
0.166517 0.115766 0.118166 0.0239347 0.0657662 0.158321 0.133935 0.0598545 0.140522 0.0172179
0.153399 0.148317 0.0822364 0.0280256 0.0765359 0.115746 0.126258 0.0795121 0.0979776 0.0919935
0.101311 0.0985659 0.098646 0.0556821 0.0257846 0.0546244 0.0502451 0.164224 0.172596 0.178321
0.116971 0.0165289 0.0852269 0.168124 0.027298 0.167542 0.131874 0.104154 0.0518339 0.130447
0.140729 0.0596124 0.08794 0.0861873 0.0963842 0.143265 0.138805 0.012204 0.132455 0.102419
0.226569 0.0618707 0.0468987 0.017512 0.207794 0.151577 0.112563 0.10567 0.00433265 0.0652134
0.10721 0.052485 0.132868 0.0671432 0.127127 0.160286 0.156739 0.12768 0.0511616 0.0173003
0.124793 0.0591883 0.0121777 0.161968 0.102988 0.109275 0.139505 0.0944561 0.0953332 0.100315
0.132614 0.0182294 0.116063 0.0886199 0.139798 0.217105 0.095381 0.0286068 0.1452 0.0183839
0.132813 0.136612 0.0264834 0.0331798 0.177151 0.165773 0.144237 0.0843935 0.00660092 0.0927573
0.0489265 0.0726447 0.0732439 0.227294 0.129474 0.17467 0.0042876 0.0221651 0.0248256 0.222469
0.125504 0.0888692 0.164454 0.0450108 0.132488 0.183367 0.0132785 0.00371831 0.193958 0.0493522
0.135029 0.0291876 0.06109 0.115101 0.05701 0.183394 0.0673561 0.150861 0.0758042 0.125166
0.103184 0.100552 0.0028561 0.201575 0.0261708 0.0184911 0.205751 0.016196 0.0820579 0.243165
0.082548 0.052676 0.0549437 0.143343 0.0880649 0.108699 0.0691561 0.140275 0.129826 0.130467
0.145819 0.0241902 0.132814 0.166342 0.0688178 0.0183645 0.174576 0.0984756 0.0651729 0.105428
0.128331 0.00933388 0.140839 0.160365 0.113015 0.177135 0.0841146 0.0879279 0.0910902 0.00784875
0.0241176 0.104035 0.0105362 0.137522 0.172054 0.100373 0.155133 0.00537243 0.162632 0.128225
0.0568748 0.00762775 0.138324 0.00304852 0.191576 0.16779 0.0039893 0.220109 0.180377 0.0302837
0.0242234 0.141688 0.0837549 0.142595 0.185519 0.0307639 0.152606 0.0473678 0.00886456 0.182617
0.117169 0.109896 0.101971 0.125233 0.054546 0.0720335 0.100395 0.133187 0.0590578 0.126511
0.118333 0.153932 0.0356963 0.121525 0.16309 0.144899 0.0610305 0.00248391 0.035776 0.163234
0.110223 0.102886 0.133602 0.055686 0.0286292 0.0225386 0.0937137 0.168379 0.155194 0.129148
0.201668 0.111828 0.14143 0.0977289 0.16413 0.0888773 0.0897304 0.0827816 0.0120213 0.00980418
0.188745 0.0208421 0.174635 0.1395 0.0490026 0.0589513 0.0195924 0.150551 0.0515028 0.146678
0.144988 0.142442 0.0631735 0.00485887 0.0569651 0.155327 0.158543 0.101269 0.0261122 0.146322
0.0515306 0.00242326 0.236588 0.0414679 0.17783 0.016527 0.20586 0.173314 0.042116 0.0523435
0.00556001 0.00834002 0.0259985 0.169901 0.190584 0.173012 0.102548 0.0803023 0.176634 0.0671207
0.125123 0.0669447 0.00959768 0.214994 0.136671 0.140014 0.0844701 0.061673 0.0392119 0.1213
0.15319 0.0954231 0.062128 0.106242 0.055536 0.123306 0.156101 0.0825129 0.014932 0.15063
0.00502075 0.127804 0.0330515 0.121586 0.0985483 0.112636 0.122012 0.160011 0.0775325 0.141799
0.15436 0.0113418 0.1952 0.173797 0.0882303 0.0194542 0.0166187 0.12125 0.129155 0.0905924
0.043646 0.0712957 0.13431 0.0763338 0.040638 0.0588093 0.042682 0.143488 0.208583 0.180214
0.139735 0.0128639 0.150767 0.0577193 0.0757303 0.120626 0.0658347 0.163384 0.0902053 0.123134
0.088379 0.170509 0.10205 0.0732361 0.0919054 0.0339683 0.171622 0.0704721 0.0768745 0.120984
0.0993582 0.161621 0.0317182 0.0627302 0.113275 0.0339405 0.0646532 0.135477 0.143468 0.15376
0.0125857 0.134288 0.150569 0.0995527 0.0534074 0.0983989 0.103152 0.136798 0.0795176 0.131731
0.149715 0.00983874 0.109202 0.100014 0.156665 0.0233554 0.0485036 0.0969894 0.138538 0.167179
0.149655 0.15483 0.0791103 0.0869047 0.11538 0.07567 0.147392 0.0433684 0.093894 0.0537953
0.148205 0.119334 0.1485 0.0874437 0.145354 0.00340214 0.115407 0.130504 0.0942865 0.0075643
0.0432856 0.0762648 0.188233 0.0352267 0.0167366 0.0121582 0.059468 0.217732 0.189386 0.161509
0.0946586 0.179364 0.124554 0.0124129 0.102239 0.182709 0.0840063 0.099547 0.0222464 0.0982626
0.0381215 0.121278 0.0999924 0.0540123 0.119875 0.144534 0.119444 0.115144 0.0965451 0.0910543
0.154533 0.0173828 0.0345707 0.21588 0.185651 0.0980068 0.0492227 0.111959 0.10478 0.0280148
0.0742052 0.0370143 0.110972 0.08661 0.195115 0.0901032 0.0848188 0.0272544 0.14728 0.146627
0.125289 0.115289 0.156557 0.0160105 0.118453 0.15755 0.0366953 0.0579649 0.103953 0.112239
0.0102359 0.10164 0.108318 0.191163 0.0367564 0.120834 0.0315417 0.20238 0.00950227 0.187629
0.0225377 0.104666 0.0616357 0.151549 0.075262 0.00322001 0.120258 0.159066 0.157917 0.143889
0.143351 0.0453422 0.00377367 0.0503442 0.121753 0.162282 0.208178 0.0611717 0.061542 0.142262
0.0979991 0.0849533 0.131606 0.0962793 0.0480398 0.146647 0.0806759 0.0745164 0.149488 0.0897954
0.0328545 0.100928 0.129719 0.0769194 0.162765 0.177771 0.180163 0.111936 0.0166074 0.0103353
0.00443829 0.0681988 0.186929 0.0115225 0.0847529 0.216601 0.024404 0.206901 0.142628 0.0536232
0.0916168 0.267108 0.216518 0.0434728 0.0248944 0.0538019 0.0306041 0.15098 0.00594496 0.115059
0.143303 0.129231 0.0692857 0.112604 0.0234197 0.135997 0.173425 0.0175516 0.130484 0.0646981
0.110075 0.15292 0.0385354 0.00587229 0.157701 0.140991 0.135724 0.110294 0.0700509 0.0778382
0.106994 0.108688 0.044764 0.0993969 0.0321336 0.152324 0.159091 0.131517 0.0687617 0.0963306
0.184148 0.200093 0.00491984 0.127865 0.00898312 0.0387839 0.182363 0.0741406 0.0736713 0.105033
0.120504 0.021478 0.151725 0.141965 0.158156 0.118311 0.0349068 0.103575 0.0331918 0.116188
0.0900501 0.123058 0.147465 0.00759288 0.148946 0.149462 0.0468384 0.104692 0.150691 0.0312056
0.138552 0.166291 0.0769391 0.0333581 0.132701 0.0184948 0.16372 0.132821 0.0928813 0.0442416
0.05645 0.216652 0.095091 0.101986 0.00390925 0.218667 0.130567 0.0530347 0.118642 0.00500243
0.146943 0.144635 0.145347 0.0856096 0.0256879 0.146652 0.0586575 0.105039 0.0673114 0.074118
0.100866 0.0626109 0.198095 0.0995141 0.154563 0.0565535 0.086779 0.0563183 0.119825 0.064876
0.154615 0.0572072 0.190285 0.0337067 0.227501 0.117254 0.0603609 0.0259233 0.0878736 0.0452716
0.0258283 0.165361 0.108171 0.160733 0.169924 0.137976 0.10545 0.0321808 0.00907498 0.0853019
0.103489 0.0721508 0.0458367 0.140202 0.0259449 0.143122 0.0816539 0.148282 0.094348 0.144971
0.152906 0.0419821 0.208145 0.0824599 0.132946 0.0543899 0.20803 0.058849 0.0571263 0.00316491
0.116712 0.0994408 0.0923399 0.0869051 0.262615 0.037985 0.0403166 0.196597 0.00640058 0.0606883
0.172208 0.103715 0.109918 0.0551448 0.172845 0.150234 0.0320132 0.0677136 0.119055 0.0171536
0.100395 0.164983 0.0938778 0.0923608 0.137174 0.0545556 0.105902 0.0244725 0.206586 0.0196931
0.143949 0.143342 0.0597838 0.0538683 0.0876702 0.11713 0.0822708 0.152239 0.101478 0.0582693
0.0873082 0.0110992 0.0948051 0.0330371 0.14141 0.0449344 0.178061 0.0923069 0.182586 0.134452
0.13993 0.116101 0.0541939 0.00326728 0.0772317 0.150478 0.154808 0.0877642 0.092426 0.123798
0.0197655 0.0765273 0.128253 0.213853 0.0652897 0.0491125 0.180412 0.0733962 0.122961 0.0704289
0.0172271 0.0837815 0.123655 0.0211048 0.0958223 0.170127 0.142599 0.048419 0.151957 0.145308
0.0726008 0.13014 0.0441253 0.101534 0.0464661 0.207475 0.0843214 0.05521 0.0849721 0.173155
0.121833 0.131641 0.219325 0.0787009 0.109177 0.0613544 0.00964769 0.103667 0.148919 0.0157355
0.121361 0.0287549 0.183608 0.0574712 0.084814 0.155855 0.0763867 0.00165015 0.166039 0.12406
0.154296 0.109776 0.00223122 0.0526385 0.109023 0.0397313 0.0787154 0.152311 0.143729 0.157549
0.102622 0.0352219 0.0851853 0.134641 0.109501 0.124977 0.148115 0.0946854 0.0454328 0.119618
0.0836394 0.0805646 0.0630768 0.113347 0.140851 0.0744551 0.0605986 0.10417 0.141813 0.137485
0.0667161 0.0913769 0.158063 0.00582391 0.0921059 0.149453 0.112019 0.103504 0.0873305 0.133607
0.0306161 0.217221 0.12672 0.0502446 0.0965124 0.00646207 0.202462 0.128011 0.0848862 0.0568641
0.148512 0.12457 0.151755 0.00188266 0.149135 0.121328 0.0433725 0.140794 0.0571278 0.0615221
0.0426509 0.0638682 0.218783 0.0125504 0.0165542 0.234678 0.111408 5.4308e-05 0.20973 0.0897224
0.00570435 0.115093 0.116181 0.0540931 0.126766 0.158547 0.0546484 0.171407 0.13222 0.0653397
0.0348209 0.167575 0.0423301 0.214659 0.0906271 0.0592854 0.235121 0.0406096 0.055024 0.0599483
0.0879534 0.0068161 0.189668 0.18149 0.026544 0.225269 0.0573767 0.137171 0.0551214 0.0325898
0.044287 0.0452572 0.0882901 0.120984 0.154163 0.0358016 0.0644805 0.143876 0.108836 0.194025
0.0342154 0.091252 0.118486 0.0363233 0.164685 0.153926 0.0608451 0.0773718 0.174484 0.0884121
0.143784 0.0573993 0.075459 0.102646 0.176836 0.203297 0.00159332 0.0658379 0.0809753 0.0921725
0.115665 0.0352685 0.0342587 0.171974 0.0536672 0.0240298 0.190823 0.103394 0.0884555 0.182464
0.088828 0.0569564 0.176398 0.14749 0.0223885 0.0733572 0.258871 0.0494814 0.0619203 0.0643102
0.139558 0.0712012 0.104784 0.151451 0.119421 0.101656 0.0936113 0.015985 0.0142788 0.188054
0.131979 0.0345122 0.130898 0.0925589 0.101863 0.109946 0.143242 0.114002 0.124068 0.0169315
0.119655 0.0428967 0.0419811 0.105777 0.132677 0.0513311 0.0450729 0.099864 0.189011 0.171735
0.159517 0.0847515 0.161856 0.129625 0.101431 0.0425001 0.1941 0.0649933 0.000208574 0.0610182
0.0873334 0.0912284 0.170377 0.078202 0.00429362 0.0376114 0.26901 0.00194416 0.252277 0.00772254
0.139742 0.104941 0.14022 0.118891 0.04744 0.0193722 0.164653 0.0578028 0.15507 0.0518674
0.0782224 0.131546 0.163643 0.0496518 0.0423294 0.0946994 0.0138167 0.155305 0.115883 0.154904
0.135491 0.000793926 0.146097 0.168233 0.156201 0.0906139 0.136068 0.118129 0.0153614 0.033012
0.0501133 0.206142 0.166743 0.0231871 0.0465535 0.158118 0.208724 0.0162678 0.0770473 0.0471036
0.0927176 0.0320677 0.0567412 0.107463 0.146891 0.0153889 0.147338 0.117592 0.147468 0.136332
0.215079 0.0800811 0.035091 0.0835949 0.0362361 0.14723 0.107936 0.0788376 0.133026 0.0828872
0.169464 0.0489254 0.08317 0.045552 0.0616269 0.180452 0.167102 0.0360409 0.135429 0.0722371
0.135085 0.129039 0.0498182 0.0522135 0.0867577 0.127827 0.0893208 0.089991 0.149278 0.0906698
0.0522755 0.00291469 0.152853 0.0949255 0.149364 0.151175 0.0787314 0.106508 0.15386 0.0573926
0.15211 0.0213152 0.134274 0.0352787 0.206932 0.0645222 0.15787 0.0723083 0.00995394 0.145435
0.000749707 0.132689 0.114423 0.0609271 0.176078 0.173372 0.0269862 0.0861939 0.161475 0.067106
0.0915895 0.139422 0.171581 0.0912792 0.0131857 0.0110859 0.110171 0.205039 0.0461538 0.120493
0.0676445 0.143149 0.0315045 0.128824 0.00061842 0.0561428 0.183949 0.167569 0.160205 0.0603937
0.217163 0.0998204 0.158817 0.0754521 0.068266 0.0521494 0.0634702 0.0927928 0.00163413 0.170435
0.0885386 0.0208229 0.135898 0.127203 0.158362 0.0451013 0.0304627 0.157063 0.172264 0.0642846
0.127178 0.126532 0.0713173 0.123881 0.136737 0.125358 0.0598623 0.128606 0.0699287 0.0305992
0.0130051 0.0774484 0.130459 0.068019 0.140532 0.0481453 0.179187 0.0376711 0.182201 0.123333
0.0580716 0.110143 0.165225 0.0725083 0.0119976 0.16737 0.113075 0.12241 0.0558774 0.123322
0.150205 0.0329766 0.112562 0.19088 0.0695446 0.153643 0.00451192 0.0390996 0.109449 0.137129
0.0912866 0.135949 0.1513 0.0791205 0.0190676 0.0506106 0.150302 0.1039 0.0693544 0.14911
0.151196 0.130264 0.0550084 0.146299 0.0787064 0.100898 0.147084 0.0370292 0.0917222 0.0617939
0.160904 0.0841848 0.0968609 0.0539824 0.0915869 0.159423 0.104614 0.0405954 0.0629905 0.144858
0.0793666 0.0364819 0.0292915 0.132176 0.187907 0.00144723 0.0792356 0.190034 0.125752 0.138308
0.157394 0.236841 0.145123 0.010668 0.183845 0.0165628 0.0832539 0.0908652 0.0430446 0.0324016
0.0170464 0.047386 0.152042 0.0943893 0.143316 0.143661 0.0637155 0.152187 0.104242 0.0820149
0.186979 0.097603 0.0293688 0.023326 0.129825 0.176229 0.0905048 0.172145 0.0296462 0.0643729
0.00971666 0.084299 0.102073 0.0851716 0.143352 0.0577639 0.206005 0.112608 0.0691282 0.129883
0.281162 0.187481 0.100444 0.162902 0.0454763 0.0587242 0.000623427 0.0878303 0.018764 0.0565931
0.0918627 0.0602836 0.0911992 0.134561 0.164778 0.0943509 0.00977995 0.145167 0.0949083 0.113109
0.0610318 0.0396821 0.103872 0.139443 0.090783 0.0656449 0.0622983 0.194474 0.122326 0.120446
0.00911563 0.148163 0.0636784 0.125292 0.209202 0.0497185 0.00869458 0.194538 0.109456 0.0821429
0.0788741 0.0932656 0.141459 0.0878713 0.0432888 0.089108 0.0672686 0.0623159 0.165779 0.17077
0.0093214 0.112186 0.168031 0.0611583 0.116373 0.0648491 0.181762 0.066656 0.161063 0.0586008
0.0320021 0.103211 0.0556661 0.164748 0.0459667 0.180559 0.188732 0.0177492 0.0196202 0.191746
0.111311 0.0447541 0.0203448 0.0879352 0.0560207 0.180525 0.154636 0.0941226 0.163216 0.0871335
0.12716 0.0864137 0.120674 0.110399 0.0448726 0.151722 0.081203 0.0549873 0.118378 0.104191
0.164278 0.138859 0.0801674 0.143645 0.018604 0.0666223 0.152461 0.0962864 0.0336379 0.105439
0.140479 0.190567 0.0400129 0.0516542 0.159499 0.0279044 0.103556 0.0812818 0.141169 0.0638766
0.0498091 0.241735 0.0057151 0.0231513 0.170323 0.19597 0.104511 0.0429741 0.158371 0.00744121
0.106912 0.00437697 0.121436 0.261556 0.188026 0.0673248 0.00471951 0.0748694 0.0862486 0.0845314
0.0257168 0.0705015 0.1531 0.115226 0.0614004 0.145043 0.132297 0.124601 0.0827009 0.0894136
0.101515 0.173946 0.0940435 0.0401296 0.114534 0.0301986 0.153502 0.0987989 0.153249 0.0400841
0.0841177 0.155614 0.128251 0.111163 0.0732648 0.126662 0.0863974 0.140312 0.0836355 0.0105834
0.0319697 0.2293 0.117452 0.00940947 0.172552 0.0889981 0.204895 0.0663657 0.0175817 0.0614765
0.0762751 0.168879 0.154009 0.151368 0.0354554 0.0353746 0.0704987 0.067265 0.048544 0.192332
0.127152 0.0441447 0.170479 0.0392226 0.11771 0.125677 0.0820346 0.037964 0.0971127 0.158503
0.132757 0.12127 0.142165 0.021864 0.00177974 0.284678 0.00673308 0.0389229 0.212971 0.0368593
0.0897161 0.133589 0.0660066 0.120841 0.0490683 0.00265426 0.200364 0.0699607 0.204696 0.0631037
0.128398 0.0613174 0.123456 0.123716 0.141785 0.121567 0.0526723 0.107266 0.127577 0.0122458
0.164814 0.0521671 0.131592 0.0380511 0.0952239 0.0190551 0.170752 0.0305653 0.149313 0.148465
0.217495 0.157164 0.0554604 0.174276 0.201074 0.0730858 0.00427706 0.0269915 0.066465 0.0237118
0.052312 0.0627499 0.141741 0.103174 0.0104089 0.103069 0.139534 0.151134 0.0902029 0.145674
0.150069 0.13383 0.0776158 0.135519 0.11287 0.0200326 0.111148 0.0609519 0.133062 0.0649018
0.152257 0.120509 0.0707564 0.069689 0.0838107 0.165549 0.0704129 0.0660997 0.147283 0.0536338
0.161456 0.0891167 0.122191 0.043584 0.0971231 0.0230953 0.195427 0.174625 0.0179406 0.0754417
0.0619846 0.175936 0.131105 0.0567161 0.142099 0.118517 0.0852867 0.0370074 0.0387042 0.152644
0.138612 0.102582 0.0658966 0.0524336 0.188031 0.0866164 0.112439 0.0970951 0.136404 0.0198901
0.0848049 0.0382203 0.0486785 0.0941496 0.166598 0.176904 0.117168 0.0675932 0.0831881 0.122695
0.0256408 0.00776355 0.0128502 0.0367252 0.163693 0.15488 0.179828 0.096306 0.143695 0.178618
0.212512 0.169872 0.182858 0.0988111 0.0161209 0.161015 0.0438839 0.037334 0.0553378 0.0222558
0.102339 0.145307 0.10384 0.150958 0.0434452 0.111965 0.116603 0.0927246 0.00824363 0.124575
0.0468583 0.182321 0.138275 0.0875626 0.133432 0.0996398 0.161313 0.0655193 0.00931614 0.0757624
0.177161 0.179937 0.0197126 0.0315526 0.0615263 0.100684 0.0267254 0.216958 0.129024 0.0567182
0.155642 0.134813 0.0625252 0.0824319 0.0489115 0.0526067 0.140878 0.120098 0.0292048 0.172889
0.0677596 0.0831557 0.103181 0.0509541 0.0777376 0.194257 0.0804699 0.157442 0.0872438 0.097799
0.0525179 0.131053 0.0197095 0.0218815 0.202051 0.0979107 0.233011 0.102634 0.125324 0.0139068
0.149935 0.1 0.158893 0.0554151 0.0255862 0.154351 0.174589 0.00913227 0.0323592 0.13974
0.112238 0.0330598 0.00457509 0.12042 0.286778 0.129625 0.0951773 0.0887756 0.0528471 0.0765036
0.113642 0.0875587 0.0786836 0.223212 0.0371203 0.105456 0.14832 0.0378513 0.109857 0.0582985
0.00611261 0.139528 0.0609391 0.0958461 0.0694681 0.17998 0.174732 0.0934649 0.0600765 0.119853
0.0230559 0.0666625 0.00939299 0.183164 0.222269 0.103913 0.130977 0.186095 0.0301153 0.044357
0.00946522 0.165148 0.0575496 0.116294 2.10273e-07 0.111122 0.142696 0.168103 0.115275 0.114347
0.143844 0.173786 0.0231938 0.0216469 0.150751 0.133752 0.0363869 0.0730397 0.0865975 0.157002
0.082976 0.150776 0.143136 0.0498424 0.095911 0.151519 0.193732 0.019521 0.023224 0.0893626
0.101837 0.178298 0.170635 0.0980908 0.128217 0.00150678 0.00407883 0.138858 0.0645103 0.113969
0.0103745 0.137407 0.149073 0.116139 0.15478 0.0670713 0.024765 0.117876 0.146011 0.076503
0.129663 0.0770374 0.181105 0.07548 0.156722 0.0159507 0.130411 0.151065 0.0348946 0.0476728
0.185535 0.197713 0.163955 0.0350655 0.204807 0.084939 0.065469 0.0387388 0.00308357 0.0206941
0.0532764 0.00889408 0.172796 0.13825 0.131176 0.0846802 0.0597861 0.0882877 0.157199 0.105655
0.0868268 0.013317 0.13473 0.0469854 0.0200658 0.149345 0.13563 0.0648833 0.178788 0.169428
0.12275 0.0612914 0.0607624 0.101931 0.1317 0.08116 0.168806 0.125914 0.123169 0.0225165
0.0139802 0.18219 0.00907995 0.191711 0.0180324 0.110556 0.0812748 0.214382 0.154217 0.0245774
0.152017 0.120586 0.0980973 0.0796392 0.00951492 0.119249 0.11545 0.121148 0.0897475 0.0945503
0.127765 0.0406839 0.0933824 0.0968662 0.0792696 0.166265 0.178174 0.0691553 0.140304 0.00813577
0.118095 0.143201 0.0139209 0.140682 0.183166 0.0483333 0.113183 0.138886 0.0753591 0.0251734
0.119727 0.152318 0.122508 0.102237 0.0489341 0.0749094 0.0374156 0.0892171 0.155069 0.0976659
0.0869835 0.130646 0.0493841 0.0486245 0.0846882 0.139932 0.142283 0.126942 0.132977 0.0575387
0.10338 0.167722 0.162113 0.117601 0.0325663 0.0707294 0.0158172 0.186052 0.0904578 0.0535612
0.0273444 0.126565 0.0517244 0.0806951 0.132347 0.164088 0.112517 0.124232 0.0684444 0.112043
0.0501331 0.0934631 0.113607 0.0700882 0.126346 0.144336 0.161684 0.0415608 0.0421077 0.156674
0.171975 0.00989967 0.189292 0.268953 0.0279195 0.0779141 0.063284 0.0169124 0.10972 0.0641309
0.0845026 0.127124 0.0877097 0.00873098 0.130685 0.0906727 0.202956 0.0806666 0.0855819 0.10137
0.110662 0.0820412 0.135416 0.161538 0.0079218 0.0590159 0.210757 0.0378045 0.158938 0.0359051
0.111765 0.0383145 0.099394 0.114796 0.18087 0.165961 0.0174307 0.00766535 0.161749 0.102054
0.0621699 0.0455494 0.169147 0.0426716 0.0411214 0.159493 0.144671 0.117218 0.127123 0.0908357
0.0155886 0.0434092 0.0334116 0.10482 0.282149 0.0544218 0.0658345 0.0894414 0.167059 0.143865
0.262152 0.00467134 0.0266287 0.193173 0.172113 0.107042 0.0401803 0.0861146 0.0865384 0.0213864
0.113677 0.000252698 0.0477074 0.219007 0.173252 0.0975863 0.203501 0.0439919 0.0186479 0.0823762
0.0669916 0.13853 0.194487 0.0734426 0.0572714 0.0468516 0.0151027 0.192119 0.0978916 0.117312
0.190156 0.0715529 0.0522515 0.086385 0.106337 0.170762 0.0450058 0.0388544 0.13863 0.100066
0.0115236 0.0877921 0.1938 0.127109 0.0489997 0.142357 0.0482015 0.139679 0.0675219 0.133018
0.0164147 0.155765 0.0129316 0.177111 0.0580747 0.125051 0.135605 0.0155068 0.114911 0.18863
0.164741 0.130025 0.0242143 0.142295 0.0384842 0.175014 0.161722 0.0978501 0.0240419 0.0416137
0.0248225 0.0772631 0.178838 0.153391 0.209185 0.160994 0.0190481 0.0224718 0.110066 0.0439205
0.0272514 0.0933068 0.141477 0.110423 0.0985342 0.144381 0.0239569 0.0515868 0.151317 0.157766
0.0635526 0.120988 0.16223 0.125229 0.114 0.196791 0.0931345 0.0509418 0.0569187 0.0162151
0.0846816 0.110302 0.0738804 0.160743 0.080729 0.103618 0.0507395 0.14968 0.0233766 0.162249
0.034088 0.0495894 0.129415 0.148707 0.132723 0.129539 0.164467 0.0488826 0.0891607 0.0734282
0.0130308 0.213305 0.142673 0.0588172 0.136651 0.104798 0.192516 0.00348679 0.0793677 0.0553549
0.0635227 0.211771 0.0812566 0.219953 0.0120336 0.136199 0.178336 0.0732367 0.0119059 0.0117854
0.107379 0.0649611 0.166489 0.180494 0.0426374 0.0305691 0.120211 0.129525 0.0713455 0.0863883
0.0761852 0.12308 0.132912 0.113901 0.135364 0.128985 0.121278 0.0125239 0.0752846 0.080486
0.0302456 0.000887953 0.0548005 0.24058 0.105888 0.0643355 0.220758 0.0753324 0.159769 0.0474031
0.01923 0.144693 0.160535 0.00115988 0.173144 0.0439941 0.118308 0.00965234 0.196767 0.132516
0.19292 0.0246698 0.0803874 0.107404 0.0333325 0.0559771 0.169004 0.177714 0.069986 0.0886053
0.00328717 0.126018 0.143741 0.108947 0.171525 0.11565 0.109212 0.057264 0.136597 0.0277593
0.0576767 0.019266 0.08313 0.14835 0.186692 0.157159 0.189487 0.0811389 0.0582673 0.0188328
0.044136 0.0533163 0.0976302 0.0637127 0.110933 0.0755707 0.124881 0.14354 0.162769 0.123512
0.111156 0.131774 0.0655071 0.131594 0.0210795 0.107245 0.0519706 0.151851 0.198507 0.0293153
0.0820754 0.144899 0.129401 0.0899853 0.0813542 0.0934238 0.00677996 0.203298 0.165968 0.00281546
0.0676781 0.153874 0.0676021 0.0305916 0.125278 0.191267 0.0794436 0.129876 0.0645013 0.0898878
0.0672021 0.0289369 0.0372513 0.205157 0.0487425 0.164115 0.0114689 0.151977 0.0556422 0.229508
0.117911 0.103244 0.0730138 0.0291124 0.209775 0.196399 0.0238426 0.0289105 0.177732 0.0400585
0.136945 0.0376108 0.149597 0.143466 0.167546 0.0908574 0.0860367 0.0292324 0.139681 0.0190297
0.044221 0.0796881 0.0136049 0.0544048 0.0822233 0.156653 0.0319815 0.172836 0.166745 0.197643
0.102774 0.0940829 0.118448 0.0462216 0.132027 0.125594 0.0334555 0.127428 0.0802812 0.139687
0.170785 0.0267327 0.0322762 0.124537 0.104434 0.183288 0.149306 0.0130287 0.0394649 0.156148
0.0842095 0.0728431 0.116113 0.115586 0.0543644 0.069607 0.0389806 0.150885 0.154186 0.143226
0.0982625 0.116718 0.0403193 0.0446899 0.180564 0.180388 0.113032 0.0427736 0.0328652 0.150388
0.171133 0.151173 0.0806687 0.0383778 0.185622 0.0148614 0.00834413 0.0513616 0.205262 0.0931963
0.0243996 0.0581123 0.137002 0.0469626 0.0647378 0.15643 0.110242 0.155022 0.0943097 0.152782
0.159184 0.133643 0.132055 0.0635794 0.0819356 0.0378119 0.105303 0.0111514 0.0916471 0.18369
0.0140957 0.105602 0.0890679 0.175376 0.0744511 0.106079 0.0893454 0.0573857 0.122373 0.166225
0.0485284 0.0824249 0.15266 0.15702 0.0646351 0.139268 0.0663651 0.132334 0.0365262 0.120238
0.136886 0.0553886 0.0768619 0.0938961 0.17491 0.12685 0.118892 0.13872 0.0324729 0.0451224
0.226377 0.0353699 0.0589412 0.198123 0.085261 0.0600214 0.134692 0.119431 0.0507283 0.0310555
0.153028 0.219955 0.000989899 0.0178585 0.165743 0.0845589 0.132874 0.0577458 0.0963854 0.0708605
0.0626334 0.0969143 0.0601071 0.0450783 0.00826096 0.187883 0.148682 0.129184 0.177855 0.0834019
0.162581 0.136864 0.126128 0.00920148 0.159986 0.113666 0.019285 0.163531 0.0246001 0.0841578
0.149847 0.164063 0.00195437 0.183304 0.0582344 0.052384 0.0588188 0.0548659 0.073789 0.20274
0.0792451 0.151946 0.037103 0.131061 0.0913795 0.0830194 0.166855 0.00609811 0.15332 0.0999719
0.0997072 0.128786 0.16263 0.077729 0.170486 0.107459 0.00659953 0.0232689 0.188951 0.0343833
0.14849 0.100874 0.11951 0.00125305 0.13243 0.128639 0.0473831 0.0218798 0.151522 0.148018
0.129798 0.145931 0.0602135 0.127167 0.0519234 0.148785 0.0666236 0.114337 0.096938 0.0582828
0.157959 0.0630044 0.101439 0.112027 0.175255 0.109052 0.0593638 0.185634 0.0264172 0.00984878
0.00406814 0.0994563 0.109024 0.0948964 0.00764613 0.0630384 0.130589 0.164878 0.159246 0.167159
0.181341 0.182648 0.00825313 0.202935 0.0708255 0.010863 0.0240088 0.139028 0.111618 0.0684796
0.150923 0.0115117 0.0464383 0.13506 0.120213 0.093548 0.0797593 0.0719397 0.178154 0.112453
0.137302 0.0447909 0.0994097 0.0356222 0.128637 0.0147434 0.162343 0.00838043 0.181075 0.187695
0.192542 0.101518 0.144328 0.106789 0.154202 0.0818445 0.117671 0.0058967 0.0388662 0.0563435
0.169827 0.0614477 0.142631 0.0770336 0.113367 0.0161762 0.0199244 0.146027 0.141376 0.112189
0.0344236 0.0498916 0.0182342 0.140359 0.0263325 0.0773808 0.155247 0.179293 0.118998 0.19984
0.0329594 0.126461 0.0302367 0.110663 0.0944209 0.108973 0.11474 0.121723 0.130429 0.129395
0.0140365 0.0761328 0.106513 0.0291012 0.241992 0.0623737 0.0106043 0.149267 0.0912604 0.218719
0.064911 0.13592 0.146219 0.0886558 0.127843 0.0715806 0.10371 0.0684812 0.126739 0.0659404
0.158267 0.158393 0.10716 0.0693453 0.0701662 0.0568819 0.166124 0.0380559 0.0531137 0.122493
0.0209926 0.0831357 0.108733 0.142569 0.0764692 0.0825886 0.128493 0.13222 0.0922913 0.132506
0.130315 0.102959 0.0970953 0.0703081 0.123315 0.00176971 0.166962 0.101007 0.0681054 0.138163
0.111236 0.16981 0.00961355 0.11787 0.103807 0.0568157 0.0774021 0.175251 0.130719 0.0474754
0.110773 0.0410837 0.134982 0.134383 0.109778 0.0639849 0.0781701 0.104134 0.126338 0.0963729
0.0243366 0.0984665 0.0104871 0.177707 0.133016 0.17503 0.039711 0.201513 0.068886 0.0708467
0.025771 0.112197 0.0701015 0.067984 0.168939 0.0629518 0.047852 0.217585 0.0979044 0.128714
0.110908 0.00576243 0.101505 0.0781207 0.139116 0.152912 0.0386029 0.175596 0.0100115 0.187465
0.041841 0.137753 0.137062 0.104088 0.179573 0.188295 0.0341217 0.0815369 0.0232087 0.072521
0.0479688 0.191588 0.105485 0.0928809 0.0254384 0.017663 0.241579 0.0731309 0.0218463 0.18242
0.140431 0.0792716 0.136282 0.0678494 0.13654 0.138721 0.00198027 0.0643395 0.107871 0.126714
0.0154789 0.290706 0.0432611 0.0596377 0.0982936 0.0446482 0.00965716 0.165685 0.259267 0.013365
0.114753 0.143975 0.00450919 0.161398 0.158869 0.117862 0.10932 0.0140123 0.161314 0.0139879
0.202079 0.0104204 0.0919573 0.0973569 0.0888575 0.0370294 0.0446939 0.107889 0.15332 0.166397
0.198166 0.049025 0.0510868 0.0603872 0.137255 0.0332738 0.210151 0.14889 0.030837 0.0809286
0.163832 0.173761 0.165651 0.0361361 0.074232 0.0735903 0.141029 0.108507 0.00482023 0.0584417
0.0171823 0.228827 0.199535 0.00642733 0.0307792 0.0183695 0.0158732 0.201168 0.203429 0.0784092
0.1968 0.00969397 0.132795 0.0463063 0.0143734 0.216379 0.146768 0.0407605 0.163978 0.0321457
0.16194 0.00409001 0.10878 0.113613 0.131766 0.149768 0.00112321 0.0584937 0.152705 0.117721
0.16643 0.0973655 0.15625 0.171834 0.0135719 0.0525887 0.0358215 0.16762 0.0846696 0.0538489
0.0939093 0.0200447 0.200994 0.0603159 0.0750235 0.153281 0.00801096 0.105852 0.123754 0.158813
0.156799 0.144591 0.170809 0.184017 0.00700484 0.0120657 0.0608265 0.100135 0.0034686 0.160283
0.199475 0.122484 0.133409 0.0936713 0.0245207 0.00300063 0.126651 0.167751 0.0280288 0.101009
0.0619457 0.112318 0.01552 0.0202194 0.082133 0.113945 0.150062 0.152811 0.150713 0.140332
0.0893278 0.071426 0.0684512 0.137623 0.12243 0.157621 0.090255 0.127233 0.0950531 0.0405805
0.0119047 0.00573778 0.243432 0.00540684 0.027327 0.219726 0.159745 0.0703397 0.156778 0.0996027
0.08654 0.163067 0.101329 0.0383397 0.112826 0.0953438 0.0952443 0.157693 0.0139447 0.135672
0.0864138 0.130707 0.149187 0.0237394 0.161719 0.144746 0.139856 0.0104623 0.0236828 0.129487
0.15171 0.0132122 0.191411 0.184285 0.0425198 0.025681 0.120691 0.0251163 0.134529 0.110844
0.0649249 0.111339 0.112294 0.166133 0.116706 0.139156 0.0576958 0.0483652 0.0476597 0.135727
0.159805 0.0453765 0.00832756 0.127017 0.0755167 0.238345 0.103165 0.0193931 0.13873 0.0843237
0.0878202 0.0827488 0.118915 0.0384204 0.0322699 0.145435 0.077803 0.178589 0.0877202 0.150278
0.0970108 0.101619 0.0485664 0.110056 0.140671 0.126689 0.00647512 0.147034 0.0587124 0.163165
0.159524 0.0997105 0.0598449 0.0748122 0.183113 0.174778 0.0193495 0.0570425 0.0627717 0.109053
0.226826 0.0469067 0.122584 0.0493206 0.10812 0.0899857 0.0289469 0.200175 0.0590553 0.0680798
0.034419 0.1138 0.0662412 0.174852 0.119012 0.232699 0.0861879 0.100562 0.00719565 0.0650311
0.0764713 0.159068 0.0453439 0.161567 0.117252 0.112165 0.0300642 0.154905 0.0135287 0.129636
0.0140923 0.152942 0.0781529 0.122873 0.10935 0.0738983 0.0924933 0.132903 0.0751812 0.148114
0.196799 0.137411 0.17661 0.212262 0.0672181 0.0663763 0.04168 0.064189 0.0183399 0.0191156
0.170936 0.222304 0.109875 0.0392642 0.139359 0.094818 0.00706248 0.198688 0.0118829 0.00581206
0.0963686 0.143575 0.0252582 0.217386 0.0689737 0.0292149 0.152514 0.117366 0.0144208 0.134923
0.124738 0.0971795 0.133064 0.117923 0.0538039 0.103072 0.133067 0.0646675 0.106485 0.0660003
0.00229221 0.107841 0.164787 0.0744957 0.205849 0.194004 0.134749 0.10985 0.00325399 0.00287732
0.0939891 0.0345176 0.0637691 0.0775188 0.177828 0.0717221 0.175809 0.0554448 0.173587 0.0758158
0.102156 0.149975 0.00568148 0.167987 0.115643 0.109688 0.121088 0.114974 0.0430532 0.0697532
0.0454379 0.175122 0.12809 0.126469 0.117401 0.0147619 0.0386716 0.105783 0.154665 0.0935978
0.0823163 0.0269808 0.00627006 0.0362585 0.241345 0.104453 0.0282721 0.17415 0.154764 0.145191
0.0407681 0.126984 0.166127 0.117769 0.0625921 0.0338989 0.0232689 0.174482 0.146049 0.108061
0.0143342 0.0539532 0.00797532 0.0549427 0.216313 0.118027 0.105932 0.22116 0.0321454 0.175217
0.0634442 0.0922827 0.0756535 0.224419 0.00298026 0.19762 0.0541964 0.215924 0.0513688 0.0221115
0.166743 0.185287 0.0381454 0.00804167 0.0441983 0.047648 0.0702776 0.131847 0.124729 0.183082
0.137845 0.170655 0.169457 0.170112 0.0666388 0.0306811 0.0226838 0.0462376 0.0798706 0.105819
0.0863614 0.157475 0.0500694 0.0149076 0.170984 0.108405 0.13134 0.0138293 0.102611 0.164017
0.173158 0.154618 0.0479858 0.111496 0.196166 0.105968 0.0602462 0.020489 0.0808858 0.0489863
0.0489246 0.13747 0.0682425 0.088681 0.112516 0.0943403 0.193327 0.0964978 0.110233 0.0497685
0.119876 0.164559 0.0438381 0.103648 0.0895213 0.146126 0.102369 0.140234 0.0069532 0.0828756
0.100037 0.0770836 0.0387075 0.0936716 0.0931909 0.0300019 0.151389 0.10464 0.150358 0.160921
0.114554 0.110079 0.0589158 0.128825 0.111222 0.0875208 0.0759558 0.144042 0.0335473 0.135338
0.0848994 0.143077 0.183686 0.0564383 0.0206237 0.156994 0.0607283 0.02551 0.218802 0.0492415
0.172624 0.211802 0.0517247 0.208676 0.0216233 0.107497 0.00734341 0.117772 0.0624764 0.0384609
0.156472 0.0464319 0.151189 0.129531 0.0207879 0.0362647 0.123566 0.0743444 0.0834192 0.177995
0.0737972 0.131296 0.159504 0.0376461 0.204499 0.153595 0.0683305 0.0932472 0.0562661 0.021819
0.0522411 0.0637642 0.1281 0.1111 0.120682 0.0419265 0.0517371 0.215961 0.204428 0.0100593
0.0896635 0.175207 0.0349902 0.128139 0.195161 0.091938 0.0528736 0.205037 0.0105694 0.0164211
0.00219429 0.128376 0.110976 0.107393 0.173167 0.122991 0.0028469 0.159748 0.172786 0.0195217
0.12669 0.00941282 0.0298911 0.148533 0.183878 0.0934538 0.170067 0.143631 0.052462 0.0419802
0.0196217 0.0331686 0.144619 0.10021 0.088896 0.0108794 0.173336 0.0711335 0.183035 0.175102
0.0872164 0.039276 0.0459599 0.0645327 0.0753278 0.0127494 0.140178 0.260286 0.273762 0.000711373
0.029915 0.186589 0.182349 0.203958 0.0223292 0.103759 0.0973557 0.0709213 0.0452544 0.05757
0.129723 0.0861625 0.0853113 0.0729396 0.132462 0.137808 0.0373473 0.0729604 0.0449707 0.200315
0.162215 0.115512 0.156369 0.154137 0.0847751 0.00481077 0.113769 0.113149 0.0472401 0.0480223
0.104073 0.109575 0.0666658 0.127712 0.0201847 0.143601 0.131432 0.120198 0.112681 0.0638772
0.147864 0.132112 0.0874861 0.0465552 0.130303 0.125358 0.0869037 0.0188521 0.114146 0.110419
0.0669946 0.127895 0.0149712 0.0910871 0.145004 0.110518 0.1576 0.0749335 0.080322 0.130675
0.0578381 0.0570804 0.179758 0.0558266 0.182386 0.117495 0.000504164 0.0828124 0.174491 0.0918092
0.11747 0.131438 0.108715 0.0232606 0.13645 0.0547834 0.114148 0.0905445 0.12325 0.0999403
0.175225 0.0551008 0.193243 0.219041 0.00521735 0.0287304 0.00966176 0.104244 0.179491 0.0300456
0.0269672 0.142241 0.0805341 0.0697458 0.115015 0.124828 0.214807 0.124277 0.0642329 0.0373513
0.0633702 0.0937925 0.235284 0.026268 0.0634409 0.091894 0.14971 0.0319277 0.00652607 0.237787
0.0974826 0.0501479 0.19183 0.0312913 0.00164353 0.165198 0.113348 0.0735919 0.123678 0.151789
0.252162 0.0260686 0.134502 0.218887 0.157182 0.0217349 0.0689587 0.0405411 0.0706803 0.0092838
0.179111 0.0903812 0.00258056 0.159418 0.154464 0.0360533 0.191899 0.0721415 0.06695 0.0470003
0.00741465 0.123302 0.104728 0.0790764 0.169599 0.0760069 0.0297033 0.119515 0.114661 0.175993
0.0190293 0.136629 0.170154 0.121341 0.165246 0.0176757 0.131342 0.124476 0.0224207 0.0916852
0.159564 0.145931 0.0362073 0.128402 0.0880947 0.1169 0.0209643 0.126952 0.0594895 0.117495
0.0334479 0.207653 0.00622356 0.19175 0.177096 0.104279 0.00574114 0.090844 0.0119391 0.171027
0.0505943 0.155622 0.102265 0.185865 0.102869 0.0294966 0.0114601 0.0462747 0.13708 0.178473
0.132589 0.0885131 0.0879402 0.170761 0.134986 0.0234471 0.0327886 0.194799 0.122817 0.011358
0.16549 0.0500558 0.0349402 0.141459 0.173394 0.104502 0.01198 0.0581483 0.176203 0.0838275
0.105222 0.09389 0.0985858 0.0613601 0.164877 0.0829972 0.176559 0.0868545 0.0376393 0.0920149
0.21011 0.0226773 0.0615786 0.0395271 0.192409 0.11088 0.00578271 0.170691 0.0491424 0.137202
0.0563729 0.107218 0.0546789 0.177491 0.17985 0.0320909 0.17914 0.161414 0.0376154 0.0141291
0.014372 0.145778 0.0704555 0.112629 0.0812956 0.118539 0.117392 0.163519 0.132387 0.0436332
0.0983435 0.0332853 0.121874 0.123165 0.0929873 0.0851957 0.101639 0.106755 0.148673 0.0880827
0.0234662 0.0678844 0.16176 0.0583466 0.101394 0.153561 0.108505 0.154911 0.0425407 0.127631
0.0875858 0.10567 0.136119 0.0360945 0.107059 0.105651 0.122704 0.0519017 0.125604 0.121611
0.107464 0.239456 0.0276513 0.0329296 0.0176326 0.184048 0.116068 0.0967098 0.0494592 0.128581
0.0951782 0.0824476 0.00889683 0.157853 0.0283033 0.0213532 0.205011 0.0303176 0.327447 0.0431935
0.00816124 0.110409 0.0989058 0.0410965 0.164525 0.164871 0.0975635 0.168213 0.0761182 0.0701358
0.0930228 0.107578 0.00621815 0.0202196 0.193245 0.0388277 0.151521 0.138873 0.168897 0.0815975
0.082291 0.0940322 0.17309 0.139631 0.082938 0.0632944 0.167625 0.104383 0.019662 0.0730531
0.15637 0.0168844 0.0344953 0.211867 0.059835 0.0598985 0.15802 0.0241167 0.215859 0.0626551
0.00427636 0.106109 0.173495 0.114866 0.147085 0.234296 0.0143696 0.00735991 0.104508 0.0936354
0.0979143 0.0342645 0.0334556 0.0643755 0.149604 0.141786 0.0866607 0.152398 0.125832 0.113709
0.0136992 0.0555135 0.00403111 0.0628936 0.0141328 0.206168 0.106467 0.226617 0.0683564 0.242122
0.120602 0.0913889 0.193213 0.12554 0.0712796 0.0453413 0.11242 0.0156887 0.079902 0.144623
0.15049 0.020795 0.0785465 0.148517 0.0579551 0.16006 0.156948 0.0393429 0.0916655 0.0956805
0.0349094 0.130606 0.102126 0.14135 0.141686 0.101305 0.0777209 0.146189 0.00463907 0.11947
0.192828 0.115115 0.0230256 0.209393 0.00360203 0.143657 0.0876463 0.101977 0.0728587 0.0498975
0.025119 0.15147 0.0538264 0.185345 0.0980175 0.149592 0.0643801 0.0133358 0.146213 0.112702
0.191744 0.063426 0.00798478 0.174592 0.192631 0.0173889 0.0878621 0.138956 0.0828382 0.0425777
0.00446514 0.0879123 0.173389 0.070589 0.180879 0.0496084 0.0886197 0.0645251 0.130389 0.149623
0.041639 0.14282 0.0705018 0.0197211 0.190778 0.0684018 0.138653 0.0471297 0.198968 0.0813883
0.172544 0.0596747 0.0278528 0.097707 0.0780687 0.156849 0.157204 0.175308 0.0603038 0.0144887
0.0608759 0.0587957 0.200616 0.169022 0.0474448 0.142552 0.00432052 0.101396 0.12663 0.0883458
0.0892459 0.0924113 0.0897137 0.00884242 0.126135 0.120304 0.167487 0.133567 0.152293 0.0200012
0.165745 0.100031 0.157437 0.00784589 0.121393 0.0570685 0.0130496 0.132016 0.158922 0.0864923
0.04385 0.140798 0.202125 0.00758143 0.170304 0.0612607 0.0754448 0.07542 0.127005 0.0962109
0.0749687 0.196982 0.0177857 0.0939778 0.0974321 0.219575 0.0303644 0.231481 0.0217411 0.0156933
0.152075 0.0424119 0.0991489 0.194501 0.000214838 0.0584019 0.139712 0.10242 0.0892707 0.121843
0.141662 0.0912319 0.146657 0.129031 0.11572 0.000371276 0.139794 0.0727945 0.0214169 0.141321
0.0416768 0.0171133 0.0715071 0.232963 0.0246071 0.187826 0.109471 0.222045 0.0087849 0.0840059
0.206675 0.041038 0.0422086 0.312166 0.00967621 0.0803821 0.147626 0.0340064 0.11302 0.0132028
0.089827 0.138045 0.128244 0.114033 0.154905 0.0760667 0.0145866 0.0988984 0.0979976 0.0873958
0.145092 0.132707 0.189648 0.057699 0.075557 0.132014 0.00808504 0.00230745 0.195345 0.0615462
0.166564 0.0119803 0.0291403 0.0601864 0.0988645 0.122673 0.148264 0.150926 0.0939467 0.117454
0.0946997 0.0950934 0.0779856 0.163854 0.1032 0.0978071 0.0791821 0.00687384 0.117621 0.163683
0.0484022 0.0696451 0.027407 0.0750646 0.161748 0.149291 0.0382567 0.125516 0.163895 0.140775
0.122347 0.0195777 0.10291 0.0873095 0.0605503 0.15053 0.0773851 0.217139 0.0975592 0.064692
0.0135557 0.141463 0.0889392 0.145121 0.190222 0.0288954 0.0534422 0.00903645 0.22861 0.100714
0.113994 0.164936 0.155977 0.0029438 0.0501434 0.100887 0.0786901 0.113852 0.16594 0.0526374
0.19981 0.00801354 0.224104 0.133608 0.0954893 0.00107036 0.0436632 0.228905 0.0168716 0.0484657
0.119334 0.153924 0.0814965 0.112429 0.0913665 0.051884 0.0557688 0.172773 0.135699 0.0253247
0.132035 0.123079 0.10345 0.0876749 0.0387584 0.0535484 0.149382 0.146162 0.12073 0.0451797
0.00287416 0.0122624 0.0116896 0.0567449 0.125734 0.186068 0.0219594 0.262342 0.169367 0.15096
0.0283841 0.0569042 0.0529072 0.0835613 0.22648 0.143728 0.143649 0.00504571 0.151839 0.107502
0.157045 0.0450216 0.0247789 0.132416 0.0767934 0.106067 0.139704 0.134962 0.140803 0.042408
0.102767 0.0498268 0.0422718 0.0394925 0.154103 0.169387 0.0958804 0.0721521 0.105248 0.168871
0.179819 0.115919 0.0135798 0.115835 0.0767826 0.103132 0.175501 0.158266 0.040046 0.0211209
0.160719 0.0415033 0.0936404 0.0530941 0.116517 0.0658097 0.122929 0.178214 0.0734682 0.0941059
0.194166 0.00887735 0.131271 0.0149482 0.00351037 0.00913652 0.166739 0.185839 0.110817 0.174695
0.046755 0.125886 0.0527553 0.124514 0.123714 0.0891614 0.0859618 0.0507894 0.152016 0.148447
0.162748 0.145466 0.105536 0.0599913 0.153516 0.0968941 0.0864691 0.0727005 0.102308 0.0143698
0.139446 0.149298 0.0701791 0.0308454 0.00311908 0.140378 0.0801724 0.136463 0.160206 0.0898925
0.0585962 0.0241612 0.0386747 0.18997 0.201915 0.00331805 0.0264399 0.145109 0.164295 0.147521
0.0900472 0.0464207 0.119887 0.0930118 0.099426 0.0435804 0.0226223 0.167942 0.0832685 0.233794
0.175311 0.0354642 0.00448662 0.0721865 0.152524 0.0492614 0.00595201 0.132791 0.154417 0.217606
0.152505 0.0734106 0.104345 0.0405206 0.0945964 0.0633539 0.124968 0.141828 0.0715308 0.132942
0.055472 0.088261 0.141374 0.14738 0.07683 0.0219231 0.0747758 0.10469 0.127431 0.161863
0.060453 0.156433 0.151653 0.145935 0.0626944 0.0629353 0.202333 0.0316071 0.0779779 0.0479787
0.150727 0.117371 0.04777 0.149732 0.151993 0.0877214 0.11606 0.0684657 0.0972113 0.0129483
0.17833 0.0700735 0.116549 0.000632944 0.145501 0.1982 0.060889 0.0346983 0.0889433 0.106182
0.0409605 0.158597 0.205818 0.186129 0.0789954 0.0248559 0.041411 0.0133204 0.191044 0.0588695
0.127994 0.0598902 0.00869046 0.17557 0.137497 0.123277 0.049473 0.070692 0.0469531 0.199963
0.0943174 0.215908 0.0324616 0.00754077 0.131248 0.170341 0.156856 0.147287 0.00198289 0.0420583
0.180554 0.0346087 0.00981258 0.148906 0.0500874 0.0664357 0.126673 0.0805449 0.100234 0.202144
0.0628476 0.0475918 0.197138 0.110308 0.200209 0.0470468 0.174396 0.1009 0.0582141 0.00134774
0.151857 0.149123 0.163058 0.108147 0.104116 0.161696 0.0113116 0.0165126 0.130558 0.00361992
0.146152 0.0385579 0.0806221 0.0786211 0.112875 0.0416663 0.159201 0.0288523 0.130084 0.183368
0.0264113 0.142947 0.105592 0.12618 0.0250176 0.115046 0.138301 0.123526 0.139966 0.0570142
0.00658962 0.0822054 0.0244066 0.150414 0.140929 0.0516452 0.151654 0.0996416 0.139663 0.152851
0.0665724 0.0610708 0.156345 0.0603288 0.0335461 0.0609302 0.186339 0.166251 0.0330487 0.175568
0.0328601 0.156674 0.0236575 0.0831859 0.233788 0.178098 0.0489579 0.0258632 0.0657276 0.151188
0.0456818 0.197222 0.0435677 0.188628 0.0300578 0.125579 0.0665878 0.0148068 0.173549 0.114321
0.146866 0.0964636 0.155551 0.0157828 0.0964436 0.109541 0.0487817 0.082301 0.127099 0.121171
0.137939 0.11452 0.138436 0.00344903 0.153295 0.0105152 0.0795132 0.164999 0.0457666 0.151567
0.061713 0.0175907 0.105738 0.0565811 0.126831 0.0649662 0.0515912 0.162248 0.225006 0.127736
0.0494374 0.0727123 0.0118812 0.0121055 0.2172 0.223925 0.0629184 0.171202 0.096184 0.0824342
0.039811 0.227617 0.0447566 0.124255 0.150724 0.077847 0.0896792 0.0728379 0.154633 0.0178396
0.112002 0.0713215 0.152164 0.00737671 0.145233 0.10479 0.161496 0.0996875 0.0429754 0.102953
0.17774 0.110802 0.0463227 0.0687458 0.187767 0.0679013 0.186404 0.01772 0.0314343 0.105162
0.165723 0.0685585 0.0803626 0.165459 0.0656996 0.166259 0.134759 0.0483915 0.101403 0.00338468
0.253094 0.0873175 0.0597961 0.079743 0.00304995 0.0165562 0.200615 0.0615238 0.144126 0.094178
0.127546 0.0409713 0.0285859 0.158154 0.168784 0.175529 0.0581132 0.0843218 0.0361872 0.121807
0.0569051 0.158147 0.0163701 0.0371138 0.109668 0.0421426 0.226965 0.0720513 0.237922 0.0427151
0.0210274 0.0630621 0.208311 0.209114 0.207846 0.0575934 0.0299327 0.0392521 0.162834 0.00102778
0.0109596 0.166303 0.176783 0.0525288 0.175847 0.104856 0.167798 0.0127842 0.012074 0.120065
0.0956944 0.100633 0.0730049 0.193389 0.0978793 0.109358 0.075062 0.0861429 0.144396 0.0244409
0.123322 0.111564 0.0922536 0.0243445 0.123942 0.176377 0.186868 0.102087 0.0501021 0.00913863
0.165171 0.0528313 0.0962589 0.0366367 0.0430556 0.172884 0.108898 0.0610352 0.0881398 0.17509
0.0165778 0.0271282 0.237482 0.114369 0.0411828 0.143769 0.0997586 0.239503 0.0313398 0.0488897
0.0383257 0.0331867 0.000937992 0.108835 0.125866 0.131669 0.107881 0.162597 0.145989 0.144713
0.119789 0.105939 0.0934109 0.0746748 0.0887918 0.055845 0.0980754 0.0863444 0.129991 0.147138
0.175315 0.0956205 0.0114754 0.134895 0.0964929 0.0844942 0.154285 0.0174281 0.227145 0.00284906
0.226781 0.0411288 0.0495657 0.102986 0.0933254 0.0701549 0.0414153 0.103196 0.148779 0.122667
0.106623 0.157455 0.20369 0.0423719 0.0223394 0.170068 0.0767989 0.0716982 0.0893451 0.0596109
0.140336 0.136456 0.0533751 0.0657733 0.0440364 0.122328 0.0879309 0.163068 0.155436 0.0312602
0.144714 0.0595903 0.0299238 0.00156694 0.143375 0.14992 0.010462 0.18417 0.126791 0.149488
0.0920108 0.0900366 0.166032 0.136703 0.164555 0.00276509 0.0802772 0.083766 0.0515015 0.132352
0.112566 0.00957652 0.0908431 0.0911075 0.0406712 0.134507 0.105866 0.165294 0.121548 0.128021
0.223383 0.0664629 0.0335413 0.0251757 0.206635 0.0584032 0.111227 0.036333 0.223982 0.014857
0.132483 0.0106067 0.169341 0.0291296 0.104973 0.172717 0.11603 0.0279775 0.0769379 0.159803
0.0819144 0.0898802 0.0256241 0.0268369 0.0753646 0.172569 0.0548181 0.146414 0.152981 0.173598
0.140243 0.206699 0.194283 0.0604037 0.0960535 0.0774603 0.0133527 0.0492828 0.139268 0.0229537
0.0428863 0.0862806 0.00242504 0.0572427 0.132037 0.0772175 0.148989 0.160807 0.216174 0.075941
0.166062 0.189268 0.115825 0.113338 0.018497 0.125311 0.0214208 0.222413 0.0229408 0.00492586
0.051595 0.092013 0.161259 0.0411251 0.114676 0.163917 0.0621212 0.0897094 0.139615 0.0839691
0.0267108 0.121516 0.133345 0.168644 0.0906307 0.0621911 0.196698 0.0292623 0.0612164 0.109785
0.0142649 0.0718482 0.02302 0.0301449 0.160677 0.16421 0.187798 0.172862 0.0444263 0.130748
0.0804461 0.111282 0.174493 0.0361358 0.0306356 0.0423097 0.112549 0.115414 0.144333 0.152401
0.0514756 0.144755 0.092928 0.147791 0.178586 0.0563405 0.00406426 0.197161 0.087651 0.0392482
0.0946575 0.158538 0.0216529 0.0504705 0.159255 0.150792 0.124785 0.0308518 0.0469202 0.162077
0.0108183 0.0278537 0.12247 0.0558189 0.0829533 0.170759 0.129972 0.159641 0.0398737 0.19984
0.191366 0.0835504 0.170446 0.136297 0.0492247 0.0832377 0.048057 0.0539482 0.0762452 0.107628
0.0683418 0.144334 0.13295 0.156628 0.0399088 0.000774598 0.128307 0.0679538 0.131995 0.128806
0.0957307 0.118551 0.186504 0.0708415 0.0635403 0.0171232 0.0941699 0.123525 0.0763681 0.153647
0.143816 0.0847425 0.106516 0.154548 0.011413 0.0855672 0.0141054 0.146548 0.134139 0.118605
0.116936 0.132744 0.0512062 0.0157211 0.194864 0.225202 0.0253189 0.0401957 0.0670487 0.130763
0.0428894 0.0349272 0.0599857 0.169663 0.0504955 0.163918 0.138648 0.0654799 0.105584 0.16841
0.0599419 0.164508 0.13783 0.154425 0.156973 0.01064 0.0702606 0.152849 0.0824563 0.010115
0.155865 0.0178795 0.022294 0.207906 0.0521995 0.14705 0.0252189 0.12516 0.205199 0.0412274
0.182687 0.0289475 0.168633 0.0920562 0.102375 0.115542 0.0774735 0.133239 0.0788107 0.0202365
0.0545746 0.121071 0.213824 0.00937728 0.0382063 0.111986 0.15385 0.139482 0.0591106 0.0985181
0.00368871 0.155054 0.0603917 0.133305 0.126219 0.152437 0.128495 0.0272 0.166551 0.0466583
0.0053651 0.177589 0.0452677 0.0522407 0.159258 0.173552 0.0744742 0.0034719 0.182546 0.126236
0.0865177 0.0527904 0.119568 0.0654033 0.0143167 0.176446 0.199413 0.0420068 0.0629792 0.180558
0.0926632 0.0310138 0.192006 0.0138855 0.168524 0.00592666 0.111896 0.129003 0.134179 0.120903
0.0132831 0.0556264 0.157607 0.151157 0.0297833 0.141623 0.144497 0.14916 0.0724471 0.0848159
0.172877 0.202611 0.17269 0.00591172 0.201999 0.026977 0.0377152 0.062971 0.103706 0.0125412
0.151546 0.0668883 0.0135707 0.15838 0.0757844 0.190989 0.106071 0.0332237 0.0370822 0.166464
0.153015 0.01488 0.101312 0.115961 0.191386 0.115349 0.111138 0.0498531 0.0904303 0.056677
0.115602 0.0480937 0.0763702 0.0223151 0.173554 0.0595116 0.0895729 0.202518 0.0326424 0.179821
0.0661131 0.11485 0.0679604 0.184612 0.140632 0.0432829 0.133098 0.0244644 0.0870137 0.137974
0.130974 0.0583962 0.101819 0.00326239 0.0090283 0.168473 0.132155 0.132099 0.0925074 0.171286
0.112503 0.138934 0.0400667 0.010116 0.113544 0.0595207 0.147208 0.130157 0.158781 0.089169
0.0231067 0.0567026 0.03395 0.0823234 0.275589 0.0642841 0.0357207 0.16043 0.15015 0.117743
0.140654 0.103384 0.103706 0.120166 0.0696115 0.131196 0.0581793 0.0621251 0.01054 0.200439
0.101425 0.0692356 0.0191797 0.134818 0.142313 0.128591 0.0119167 0.151449 0.146806 0.0942651
0.0341599 0.158415 0.0672254 0.0475509 0.133715 0.0180608 0.106822 0.135667 0.0195751 0.27881
0.13966 0.14226 0.00961838 0.131945 0.124629 0.110825 0.141809 0.0319897 0.0796096 0.0876539
0.0249342 0.117185 0.142115 0.0928545 0.096717 0.053525 0.0662714 0.125658 0.136202 0.144538
0.0998363 0.0481812 0.17804 0.0787011 0.0568522 0.0134987 0.170609 0.113028 0.138789 0.102465
0.167991 0.0311145 0.103297 0.195799 0.0059623 0.0460652 0.128361 0.163841 0.154637 0.00293066
0.101197 0.047772 0.0754435 0.0252491 0.223067 0.0703654 0.0946834 0.110029 0.227372 0.0248227
0.129068 0.0456231 0.0191989 0.0244775 0.174016 0.0459664 0.126209 0.13063 0.121457 0.183355
0.15441 0.00798784 0.06179 0.161313 0.153769 0.0161111 0.16262 0.0284862 0.108459 0.145054
0.115809 0.123777 0.0508214 0.0767843 0.129207 0.0931121 0.130878 0.0384675 0.120258 0.120887
0.153708 0.108268 0.0779206 0.0747854 0.0852213 0.103344 0.112431 0.128211 0.038175 0.117936
0.0866594 0.0527756 0.10618 0.127218 0.0821795 0.134698 0.137528 0.101534 0.0952782 0.0759497
0.105072 0.155281 0.194464 0.101217 0.0192622 0.120598 0.0311059 0.186118 0.0101811 0.0766995
0.0795695 0.1629 0.0892791 0.108874 0.115659 0.0542429 0.034965 0.107895 0.0520505 0.194564
0.142767 0.104734 0.00338151 0.167115 0.0845092 0.0214426 0.0259278 0.248099 0.137468 0.0645566
0.111341 0.0777401 0.0838837 0.152941 0.0111645 0.0201883 0.141116 0.125118 0.133601 0.142907
0.0420303 0.0598925 0.124516 0.150771 0.00977673 0.195028 0.100363 0.0733133 0.033192 0.211117
0.113115 0.0268346 0.134043 0.172712 0.189324 0.148636 0.00962515 0.0310385 0.0569869 0.117685
0.01354 0.0498453 0.0610572 0.106981 0.0583612 0.171561 0.0758988 0.1947 0.0791052 0.18895
0.148746 0.032821 0.0887131 0.128553 0.0660802 0.0902006 0.151189 0.0558784 0.106483 0.131336
0.0077872 0.080913 0.133679 0.115589 0.144376 0.125287 0.113806 0.0426161 0.138329 0.0976168
0.085071 0.00293412 0.175314 0.121036 0.149283 0.0243042 0.174379 0.0717953 0.100204 0.0956804
0.0508045 0.149393 0.177068 0.0406533 0.162642 0.127424 0.0131819 0.117791 0.0377079 0.123334
0.00993314 0.0916617 0.066464 0.0632642 0.136146 0.156388 0.122134 0.15616 0.0536602 0.144188
0.134476 0.107998 0.188236 0.166433 0.0302491 0.126865 0.0396712 0.151583 0.0195789 0.0349088
0.00354805 0.091892 0.0151914 0.0592676 0.196917 0.0867826 0.198752 0.137776 0.0920396 0.117834
0.276775 0.0667867 0.0519823 0.0681584 0.133051 0.00847394 0.0580266 0.179633 0.00578636 0.151327
0.0449268 0.259329 0.0503928 0.118055 0.000842611 0.0423133 0.052493 0.201974 0.118321 0.111352
0.146394 0.136099 0.0791664 0.0236047 0.0635101 0.0851052 0.0794481 0.12833 0.10046 0.157882
0.161544 0.0926538 0.027344 0.00687223 0.17544 0.175506 0.0626898 0.164588 0.0950178 0.0383441
0.0672466 0.142823 0.170835 0.11534 0.155913 0.0518318 0.149527 0.0534574 0.0683727 0.0246535
0.219363 0.0674681 0.0468677 0.0584329 0.179978 0.0216709 0.00361012 0.226902 0.0517438 0.123962
0.0300167 0.193657 0.0106817 0.13241 0.159951 0.128137 0.0898691 0.036816 0.174728 0.0437331
0.151116 0.0854509 0.108775 0.135495 0.138353 0.00618364 0.0923057 0.103133 0.141884 0.0373032
0.0634527 0.138937 0.206017 0.160284 0.0611416 0.0553617 0.156949 0.067811 0.0185338 0.0715132
0.0866337 0.250625 0.00395539 0.165642 0.110662 0.0464912 0.0423232 0.131949 0.114661 0.0470572
0.13436 0.169729 0.0376163 0.177345 0.0242985 0.244935 0.0493665 0.0105835 0.0477873 0.103979
0.0299286 0.00234302 0.0106774 0.0501993 0.189513 0.0945568 0.147866 0.191514 0.197132 0.0862698
0.0385832 0.1427 0.0384407 0.105348 0.135124 0.109224 0.11816 0.105577 0.0860312 0.120811
0.0477952 0.00102271 0.0891738 0.0467132 0.169961 0.149983 0.0893017 0.203015 0.0651845 0.13785
0.0337765 0.18384 0.022208 0.0156357 0.147843 0.152813 0.0844068 0.0123055 0.111663 0.235509
0.0929275 0.143492 0.00126415 0.117457 0.120812 0.1432 0.0165293 0.11153 0.0636167 0.189171
0.0288188 0.0790796 0.0733375 0.169991 0.126267 0.178818 0.0794393 0.122967 0.0278821 0.1134
0.166489 0.213082 0.0181463 0.066132 0.161257 0.0354721 0.161143 0.0976685 0.0576103 0.0229993
0.110265 0.0366225 0.118179 0.0285717 0.0763334 0.131331 0.0761167 0.170316 0.223051 0.0292124
0.007255 0.15177 0.0276842 0.137789 0.0752962 0.20443 0.000561652 0.110387 0.134159 0.150668
0.165296 0.172265 0.0483441 0.0238271 0.128121 0.180775 0.00865954 0.101473 0.0980046 0.0732348
0.103056 0.00180779 0.102366 0.0968909 0.0852953 0.17677 0.0139877 0.129724 0.126225 0.163877
0.0854485 0.185475 0.121846 0.128173 0.0581672 0.073148 0.0815149 0.120288 0.0666666 0.0792722
0.00429117 0.0560921 0.170724 0.174968 0.15157 0.0790968 0.0600197 0.0484517 0.129994 0.124792
0.0162723 0.187285 0.011881 0.106428 0.173019 0.16288 0.187412 0.0697462 0.0586889 0.0263885
0.167432 0.00178782 0.152564 0.0021172 0.0125976 0.0930116 0.137058 0.218525 0.113333 0.101573
0.108255 0.0478443 0.0604623 0.146992 0.127107 0.0999169 0.033999 0.0871702 0.129926 0.158327
0.0877794 0.0617644 0.110963 0.125127 0.107606 0.0502275 0.0656214 0.141614 0.167366 0.0819314
0.00204834 0.124653 0.129454 0.154692 0.0481163 0.121749 0.132839 0.0711136 0.0692663 0.146068
0.133474 0.0904389 0.0542334 0.125206 0.0675305 0.0970876 0.0108451 0.147264 0.125302 0.148619
0.0479075 0.0450378 0.0551249 0.0631859 0.147395 0.0552802 0.180888 0.136579 0.120306 0.148296
0.139734 0.128195 0.195173 0.0681579 0.197759 0.168776 0.00588992 0.000842982 0.0899409 0.00553059
0.137353 0.0286505 0.0615721 0.0376377 0.144263 0.117605 0.024961 0.23259 0.146366 0.0690015
0.12339 0.0361622 0.147136 0.142046 0.138508 0.0596629 0.115975 0.10079 0.00597967 0.130351
0.0249061 0.00406778 0.225833 0.0786305 0.0459657 0.0264186 0.0244118 0.224881 0.169574 0.175313
0.0506219 0.227604 0.174216 0.0930098 0.0902002 0.0896378 0.00934455 0.132275 0.043644 0.0894466
0.137618 0.0861195 0.0188545 0.158714 0.165309 0.0999442 0.176976 0.12053 0.000991104 0.034944
0.0801473 0.0461983 0.0973475 0.0820244 0.0863799 0.073651 0.101594 0.172497 0.181434 0.0787269
0.179368 0.097152 0.154329 0.00750048 0.122027 0.114018 0.0746585 0.0791153 0.114366 0.0574654
0.000866425 0.129478 0.195984 0.00498261 0.19296 0.0785971 0.129967 0.24345 0.00716296 0.0165516
0.151925 0.0300207 0.137832 0.0606601 0.13613 0.0715416 0.219854 0.0241399 0.130428 0.0374684
0.00899248 0.0371506 0.00951986 0.199969 0.0669149 0.0428212 0.181708 0.196095 0.150634 0.106195
0.10477 0.0064152 0.044557 0.116223 0.137228 0.0914283 0.0546157 0.182749 0.154796 0.107217
0.172422 0.208399 0.0990352 0.130644 0.0434197 0.200123 0.0398479 0.0441514 0.03448 0.0274782
0.126572 0.159239 0.108301 0.00774357 0.0911052 0.140485 0.0170058 0.0147456 0.276298 0.0585045
0.0592543 0.200517 0.0193274 0.264011 0.0369166 0.0312172 0.247499 0.0772012 0.0219705 0.0420858
0.132315 0.188635 0.00981571 0.0976329 0.0725795 0.0704328 0.113829 0.150025 0.0788478 0.0858871
0.0940579 0.0519035 0.0925582 0.165863 0.0803444 0.118962 0.177198 0.0697693 0.0194727 0.129871
0.0887983 0.133894 0.057336 0.00861279 0.031821 0.186301 0.160299 0.108619 0.132416 0.091904
0.152482 0.0935908 0.157633 0.0695666 0.0423525 0.161083 0.129221 0.0193424 0.141445 0.0332838
0.0207014 0.129122 0.151009 0.144779 0.144181 0.148586 0.0244923 0.105919 0.0534017 0.0778092
0.0368177 0.207082 0.0342615 0.0490686 0.153948 0.221759 0.235228 0.0389242 0.00964085 0.01327
0.0861558 0.0258335 0.10632 0.191031 0.000409826 0.146392 0.0864932 0.0148941 0.140676 0.201793
0.139581 0.0804279 0.0377671 0.0498496 0.142144 0.00487335 0.192186 0.00578226 0.218671 0.128719
0.166115 0.167546 0.0316466 0.220598 0.016915 0.0594984 0.0631007 0.122102 0.0419951 0.110483
0.0361931 0.158253 0.0225325 0.169693 0.0733775 0.0209147 0.11732 0.133542 0.103298 0.164875
0.0271428 0.199358 0.144199 0.193446 0.0850083 0.085022 0.13081 0.0311639 0.079901 0.023949
0.101048 0.0205182 0.182304 0.185913 0.194328 0.0269569 0.0442211 0.0200527 0.187655 0.0370032
0.0469026 0.0349262 0.182274 0.13086 0.134488 0.0652703 0.0942422 0.0245263 0.0602866 0.226224
0.0687965 0.0304967 0.16172 0.0347045 0.0796866 0.0945578 0.167563 0.0765434 0.113483 0.172449
0.0998362 0.107562 0.122924 0.143418 0.0763754 0.144946 0.101265 0.160777 0.0239234 0.0189732
0.0812975 0.171442 0.0873279 0.1355 0.0395994 0.090648 0.0978142 0.0438593 0.12683 0.125682
0.000316293 0.0305308 0.0750153 0.0851389 0.161748 0.163862 0.160969 0.179301 0.116926 0.0261924
0.0115294 0.203333 0.112471 0.223154 0.0276531 0.15017 0.137772 0.0123202 0.0724493 0.0491467
0.159127 0.136755 0.0849784 0.0246746 0.0339766 0.166105 0.139181 0.0961239 0.00512515 0.153954
0.0977682 0.0941004 0.124349 0.117623 0.0789716 0.0522258 0.0531369 0.119478 0.138934 0.123414
0.0479964 0.100121 0.192853 0.00450113 0.136926 0.127511 0.0992809 0.113412 0.0284293 0.148969
0.233004 0.0287078 0.0970908 0.105685 0.135256 0.065026 0.181454 0.0293022 0.117473 0.00700075
0.249294 0.200682 0.0797814 0.0728306 0.0400089 0.0844195 0.104749 0.044991 0.0790781 0.0441661
0.0235384 0.11512 0.0447842 0.155267 0.157858 0.145386 0.0722424 0.0843905 0.0478149 0.153599
0.120242 0.123519 0.0511142 0.0998434 0.102958 0.11599 0.092804 0.131511 0.0625862 0.0994326
0.0643108 0.0895142 0.108519 0.124153 0.0853945 0.099048 0.144824 0.132372 0.145675 0.00618868
0.105362 0.0225504 0.105375 0.135968 0.0139249 0.0883453 0.14575 0.174436 0.0556133 0.152674
0.164834 0.0842607 0.138053 0.154744 0.0772149 0.13549 0.0995629 0.00415499 0.0823409 0.0593448
0.0547804 0.167354 0.132428 0.143299 0.0575773 0.0574154 0.0122443 0.141957 0.167123 0.0658225
0.0700889 0.035178 0.160783 0.15051 0.126823 0.0627189 0.0356464 0.146236 0.0843905 0.127625
0.0208771 0.142737 0.0746914 0.0175525 0.0879677 0.184603 0.145111 0.142243 0.020552 0.163665
0.117555 0.159884 0.0524257 0.094798 0.119992 0.169451 0.133787 0.135444 0.00939955 0.00726329
0.218801 0.0327247 0.25381 0.180192 0.0348441 0.0410928 0.145186 0.0490241 0.0104944 0.0338308
0.0488475 0.0704654 0.0359853 0.20413 0.11608 0.200269 0.0752491 0.0290083 0.162252 0.0577146
0.0240702 0.0450595 0.180057 0.182312 0.146133 0.0810034 0.103823 0.212322 0.0060009 0.0192185
0.139612 0.0545443 0.143815 0.106568 0.0054352 0.148618 0.0134343 0.13477 0.155167 0.0980356
0.0241972 0.196971 0.255149 0.258093 0.0660526 0.0222547 0.0044132 0.152712 0.00716231 0.012995
0.11908 0.0966608 0.0110568 0.166367 0.152769 0.0178522 0.160935 0.102086 0.0776911 0.0955015
0.134347 0.137056 0.0980608 0.0831046 0.108707 0.0118501 0.0556873 0.131755 0.0971628 0.14227
0.0820994 0.0630652 0.0769598 0.0497561 0.181011 0.203741 0.0422187 0.0143221 0.0570473 0.229779
0.124008 0.162377 0.148539 0.0646484 0.0141881 0.155584 0.0929887 0.0610818 0.0459364 0.130648
0.117645 0.00520598 0.00867701 0.0761418 0.217839 0.159957 0.206142 0.152176 0.0264093 0.0298076
0.160989 0.0741697 0.047513 0.132234 0.0629614 0.0161321 0.204586 0.0392104 0.0847289 0.177475
0.00547573 0.216593 0.0424867 0.0245713 0.0319766 0.0546768 0.0137988 0.179427 0.199692 0.231302
0.108257 0.0209771 0.0880096 0.0644366 0.136257 0.155847 0.0968791 0.134954 0.0813485 0.113034
0.0969649 0.0290187 0.118561 0.0625328 0.0801212 0.175837 0.167776 0.159822 0.0274765 0.0818907
0.202768 0.0740654 0.166964 0.202588 0.0664706 0.117595 0.00598117 0.0132389 0.0752092 0.0751194
0.153272 0.138884 0.0773649 0.0239141 0.108858 0.0198242 0.13432 0.142186 0.0463938 0.154984
0.0597362 0.172931 0.148054 0.159172 0.0725687 0.0130401 0.0699099 0.220995 0.037572 0.0460213
0.0161432 0.060948 0.180174 0.00942412 0.0678214 0.166035 0.171029 0.169981 0.0572192 0.101226
0.124417 0.0393955 0.15544 0.004509 0.0843728 0.0177232 0.130216 0.240954 0.065281 0.137691
0.112399 0.082201 0.168117 0.00918349 0.000780049 0.123713 0.172496 0.00625185 0.158825 0.166033
0.00152687 0.0608882 0.113222 0.0240082 0.0265578 0.157686 0.0879862 0.218481 0.267286 0.0423566
0.145579 0.109875 0.10342 0.00449266 0.198523 0.141933 0.110888 0.101916 0.0714261 0.011948
0.111483 0.127596 0.125136 0.165224 0.0453944 0.0870727 0.0456395 0.138971 0.125123 0.0283604
0.166821 0.0306488 0.122172 0.0595101 0.0735641 0.0863443 0.14448 0.145654 0.115837 0.0549672
0.0241465 0.230028 0.135149 0.0635813 0.0270998 0.0843792 0.153433 0.231814 0.0272821 0.0230872
0.183449 0.0571959 0.163595 0.118993 0.118701 0.0747541 0.137432 0.0289426 0.0126395 0.104299
0.132554 0.141842 0.087134 0.0506379 0.140986 0.158918 0.0734975 0.0937466 0.0611404 0.059544
0.0211194 0.0432937 0.152687 0.0141095 0.217114 0.106524 0.192312 0.185712 0.0444732 0.0226555
0.0144508 0.0104204 0.153722 0.0636098 0.235968 0.0523287 0.266988 0.0490032 0.036918 0.116592
0.118888 0.0647342 0.227973 0.0352428 0.0164916 0.00121255 0.0895905 0.166279 0.200501 0.0790873
0.0172821 0.174299 0.18493 0.0911996 0.00903286 0.120877 0.0825145 0.0849979 0.116343 0.118524
0.117717 0.0114791 0.108994 0.116217 0.0532747 0.128926 0.145524 0.140612 0.0266579 0.150599
0.0279076 0.154424 0.268889 0.191436 0.0270187 0.0455304 0.0216037 0.0676688 0.0830311 0.11249
0.209371 0.0736331 0.148497 0.020752 0.12483 0.148713 0.0450763 0.0795887 0.109278 0.0402621
0.064154 0.153716 0.118602 0.00407137 0.20368 0.149927 0.0958292 0.0395483 0.0264978 0.143974
0.100022 0.0945376 0.162904 0.161953 0.121824 0.0574559 0.00871754 0.0417048 0.166367 0.0845143
0.0518711 0.183928 0.0373091 0.0552265 0.18937 0.083983 0.0178664 0.0224014 0.155349 0.202695
0.0263856 0.0714966 0.0506325 0.192245 0.0553457 0.041067 0.230535 0.282652 0.0390547 0.0105854
0.162043 0.148537 0.104162 0.0077227 0.163453 0.00545663 0.0568359 0.121784 0.0718124 0.158193
0.0428735 0.192658 0.0892514 0.0223674 0.022413 0.206953 0.0426278 0.177701 0.157893 0.0452614
0.111287 0.181619 0.0967614 0.155907 0.0438125 0.119753 0.122368 0.102836 0.0294826 0.0361744
0.13777 0.111422 0.0121329 0.133872 0.0640588 0.19468 0.0356888 0.0170876 0.160334 0.132955
0.00405609 0.165751 0.0626635 0.0515347 0.135072 0.204851 0.0534442 0.0784018 0.234627 0.00959826
0.0886998 0.10749 0.052398 0.102576 0.147088 0.169895 0.0746479 0.0826575 0.16632 0.00822715
0.0526977 0.0261039 0.0958228 0.204093 0.00391963 0.209855 0.0967161 0.0872049 0.0867599 0.136828
0.0412385 0.0370694 0.142693 0.153089 0.124269 0.159538 0.0726473 0.0668792 0.098136 0.10444
0.133408 0.135598 0.0678788 0.102243 0.0877785 0.154602 0.087209 0.00365339 0.0712332 0.156395
0.126241 0.002304 0.0835624 0.0791012 0.182569 0.0497447 0.118226 0.0145105 0.168144 0.175598
0.151278 0.065654 0.154265 0.0910777 0.134378 0.135466 0.048412 0.154472 0.0520885 0.0129088
0.149136 0.144473 0.0603461 0.0848653 0.093506 0.0628702 0.136616 0.0999297 0.0985948 0.0696632
0.0567943 0.038721 0.13297 0.117002 0.169941 0.0725479 0.0305414 0.194487 0.0503084 0.136687
0.0872192 0.00645764 0.127219 0.0690225 0.118106 0.0568718 0.167383 0.0510043 0.160389 0.156327
0.145056 0.16224 0.0826273 0.108199 0.129355 0.0634766 0.0594049 0.0062936 0.0851093 0.158239
0.151992 0.0511094 0.00178541 0.15664 0.0608764 0.126854 0.110012 0.170074 0.158859 0.011799
0.0182952 0.0923277 0.0160204 0.0751604 0.0931445 0.130149 0.157668 0.177529 0.10307 0.136636
0.038226 0.142174 0.119927 0.00457107 0.109916 0.22173 0.133067 0.0551255 0.0646395 0.110623
0.0398679 0.119947 0.0777724 0.102241 0.136967 0.0805507 0.143202 0.0492528 0.113548 0.136651
0.123841 0.0987305 0.0874287 0.114039 0.110944 0.022642 0.000731093 0.157819 0.114282 0.169542
0.13888 0.0939741 0.148976 0.0710286 0.000299459 0.0297369 0.198394 0.0273344 0.0844966 0.20688
0.106866 0.110104 0.0958065 0.0923962 0.162183 0.0682367 0.0736202 0.00416539 0.15694 0.129682
0.0688441 0.163024 0.036235 0.165204 0.121668 0.135657 0.0163093 0.147253 0.0198156 0.12599
0.141638 0.0973941 0.0993515 0.0184494 0.146492 0.158394 0.00277131 0.142675 0.0437454 0.149089
0.122695 0.0841782 0.161664 0.126512 0.122571 0.0597679 0.0739308 0.0431331 0.0755864 0.129961
0.045799 0.00185807 0.0365247 0.224283 0.0630001 0.168589 0.0497841 0.117916 0.279607 0.0126396
0.0408944 0.120305 0.147079 0.0769982 0.0894649 0.03461 0.0733375 0.224323 0.105296 0.0876932
0.0372774 0.0999825 0.000230124 0.0902713 0.160626 0.11149 0.132284 0.176115 0.0804984 0.111225
0.0737867 0.0314705 0.186747 0.189645 0.0788662 0.0618543 0.15579 0.167111 0.0314646 0.0232648
0.069895 0.120931 0.0201449 0.164913 0.0681199 0.201636 0.0627083 0.0998716 0.0189272 0.172854
0.154157 0.0906967 0.0802738 0.110181 0.125959 0.0115621 0.147607 0.0164367 0.0740144 0.189112
0.139516 0.110844 0.140847 0.0534136 0.0537456 0.0863431 0.149928 0.0967598 0.103313 0.0652896
0.0943704 0.0157223 0.107004 0.159384 0.0166733 0.143638 0.161361 0.0465661 0.0178321 0.237449
0.13404 0.0222405 0.107087 0.0473829 0.132719 0.117735 0.156113 0.0192741 0.137541 0.125867
0.0939785 0.0104049 0.180853 0.172959 0.11226 0.0812234 0.129272 0.140001 0.0572264 0.0218228
0.244668 0.058019 0.0292815 0.00309692 0.0440292 0.0272488 0.244039 0.117307 0.0298032 0.202508
0.181627 0.112783 0.124884 0.177602 0.0428382 0.0609183 0.0684041 0.050237 0.0582099 0.122495
0.0646097 0.0968938 0.110354 0.155256 0.0205378 0.119162 0.0997956 0.0995537 0.205669 0.0281683
0.143894 0.10143 0.0622394 0.0658131 0.172797 0.0977025 0.0592075 0.12545 0.13608 0.0353865
0.0141006 0.100585 0.064624 0.0141163 0.197259 0.0608935 0.203728 0.0596178 0.123656 0.161419
0.171689 0.0561588 0.176265 0.149163 0.134273 0.0212066 0.0656257 0.0789887 0.0398828 0.106747
0.0793093 0.179235 0.150272 0.123886 0.0129201 0.0396319 0.213013 0.121522 0.0785323 0.00167808
0.197272 0.106942 0.0412097 0.0765935 0.224125 0.0608135 0.103712 0.0105624 0.134311 0.0444597
0.0581886 0.14722 0.00371433 0.0736481 0.179063 0.0108583 0.128806 0.156166 0.170056 0.0722794
0.147177 0.0773938 0.0122631 0.0632045 0.0497694 0.1421 0.0923271 0.0531247 0.232777 0.129864
0.105664 0.11034 0.145823 0.0616258 0.0769779 0.0474005 0.088856 0.0486228 0.238001 0.0766893
0.1027 0.0722222 0.124513 0.11141 0.108756 0.0791119 0.0214246 0.171857 0.108718 0.0992877
0.146688 0.159571 0.142618 0.132585 0.00292843 0.129011 0.0164222 0.142243 0.104003 0.0239299
0.183155 0.0712727 0.00192245 0.134982 0.117824 0.0638869 0.0138149 0.174898 0.123259 0.114985
0.15233 0.102401 0.134455 0.0633148 0.0145304 0.0879811 0.0657585 0.0788076 0.163027 0.137395
0.163012 0.014254 0.101494 0.159276 0.133797 0.0301133 0.0907693 0.0448333 0.128033 0.134418
0.119802 0.0334163 0.0599811 0.0232081 0.138308 0.10783 0.0180089 0.131436 0.166236 0.201773
0.087494 0.0788131 0.0594406 0.0332888 0.210695 0.152919 0.125671 0.0650339 0.116291 0.0703546
0.228179 0.195984 0.100399 0.110995 0.0190638 0.00235263 0.00450654 0.0436809 0.22619 0.0686492
0.116345 0.100024 0.128099 0.113879 0.0844571 0.141645 0.146413 0.0405093 0.0795179 0.0491106
0.118909 0.18541 0.112274 0.0354333 0.078218 0.0806243 0.189761 0.0389656 0.115887 0.0445172
0.163263 0.0126609 0.168043 0.145954 0.113357 0.0249989 0.0837037 0.154192 0.00745706 0.12637
0.0746997 0.149427 0.202969 0.0704078 0.148109 0.0419994 0.0582457 0.0991875 0.133473 0.0214816
0.00186174 0.0745795 0.200937 9.09725e-06 0.148958 0.0971058 0.150107 0.0885146 0.102113 0.135814
0.0734657 0.0149575 0.0781785 0.100943 0.194456 0.184471 0.120089 0.0423115 0.107801 0.0833267
0.0471702 0.0930091 0.0551053 0.104468 0.136907 0.0744403 0.134383 0.0818907 0.139749 0.132878
0.181286 0.0978289 0.141416 0.101271 0.110859 0.0411577 0.189144 0.0681287 0.00922056 0.0596879
0.153187 0.0234331 0.159679 0.036266 0.146002 0.0226358 0.193175 0.0226109 0.119967 0.123044
0.00111169 0.0494572 0.155863 0.0869711 0.0602394 0.162058 0.145093 0.0603811 0.102111 0.176715
0.120224 0.169954 0.135764 0.0790921 0.0529967 0.0170503 0.0594688 0.0911001 0.0407002 0.23365
0.154106 0.0680841 0.134973 0.120423 0.136666 0.144622 0.0298362 0.0401674 0.1215 0.0496225
0.117555 0.0254782 0.0886903 0.165645 0.0103734 0.15179 0.0483563 0.13573 0.0856157 0.170767
0.126214 0.226973 0.0618962 0.0406224 0.0498887 0.118489 0.153839 0.0635076 0.0245851 0.133986
0.170296 0.014055 0.133629 0.0558 0.122002 0.179067 0.0218057 0.166537 0.0633147 0.0734937
0.13567 0.128822 0.0384496 0.0632821 0.0100428 0.149885 0.153258 0.0835781 0.0885752 0.148438
0.059062 0.149844 0.0401591 0.00432817 0.0572485 0.0754481 0.100884 0.231313 0.268569 0.0131446
0.213746 0.060386 0.0931465 0.0147436 0.0213237 0.157391 0.196437 0.178373 0.0440718 0.0203807
0.0844372 0.0381582 0.186154 0.0669826 0.0350353 0.16083 0.107227 0.109435 0.147421 0.0643198
0.112316 0.174092 0.148208 0.00249884 0.0906454 0.139839 0.115777 0.00625626 0.0832906 0.127077
0.146409 0.0718291 0.0235187 0.0166179 0.140386 0.177354 0.131201 0.0366354 0.164556 0.0914932
0.0458119 0.0185349 0.178293 0.0463448 0.132249 0.0813246 0.0895663 0.0699127 0.159203 0.17876
0.111119 0.0887661 0.0865866 0.0950389 0.00904019 0.115808 0.136218 0.0213756 0.188566 0.147482
0.0358251 0.0525921 0.0324247 0.0374765 0.173635 0.187766 0.0998207 0.229345 0.139674 0.0114413
0.0953566 0.128468 0.105032 0.0727579 0.0985181 0.0855016 0.087332 0.0638696 0.137412 0.125752
0.060417 0.106336 0.0302264 0.182094 0.0115348 0.157716 0.156089 0.152809 0.13299 0.00978693
0.118574 0.0927334 0.153375 0.0633127 0.108839 0.0581522 0.126066 0.107011 0.0298941 0.142043
0.0516087 0.121433 0.126125 0.161559 0.0249135 0.153185 0.019862 0.110852 0.0166134 0.213848
0.150244 0.140305 0.0121137 0.0984387 0.0688464 0.141147 0.0450324 0.173369 0.0290313 0.141471
0.155199 0.145493 0.0157829 0.0462959 0.1661 0.0143446 0.0751753 0.159112 0.1607 0.061797
0.0727487 0.0755159 0.170703 0.102463 0.018995 0.0618809 0.176869 0.145689 0.0449897 0.130147
0.0801132 0.160562 0.130275 0.0285896 0.0196391 0.156927 0.126694 0.145807 0.0446254 0.106768
0.0300534 0.114861 0.0247732 0.0863113 0.0608936 0.0537311 0.155123 0.189087 0.204374 0.0807932
0.0100763 0.12236 0.13302 0.118726 0.0541718 0.0777435 0.168855 0.00405186 0.132236 0.17876
0.0342558 0.063751 0.0535948 0.152894 0.157804 0.016073 0.0939923 0.105777 0.121868 0.19999
0.0476648 0.0415806 0.0613392 0.209436 0.0349232 0.232935 0.125388 0.0362652 0.00937514 0.201094
0.151185 0.0533593 0.0880831 0.123579 0.171848 0.109379 0.148095 0.0021244 0.099612 0.0527362
0.0613873 0.0602346 0.00473608 0.148649 0.152787 0.160511 0.140521 0.0921153 0.119353 0.0597055
0.258063 0.186067 0.21384 0.090139 0.0475124 0.0539845 0.0406053 0.0511902 0.0520567 0.00654217
0.0779979 0.114183 0.026585 0.0609926 0.0755372 0.115228 0.0688292 0.158128 0.132389 0.17013
0.1298 0.0146768 0.0470616 0.195573 0.0454873 0.152893 0.0318718 0.244075 0.0287132 0.109848
0.00778855 0.00581492 0.0624352 0.06337 0.180218 0.168873 0.194385 0.049224 0.040039 0.227852
0.0668565 0.184332 0.219678 0.00665838 0.0366906 0.177915 0.0320053 0.112949 0.0470913 0.115823
0.102303 0.126805 0.021335 0.0714652 0.130876 0.115905 0.0803997 0.142297 0.100945 0.107669
0.0531245 0.203667 0.0549556 0.202998 0.0686794 0.15098 0.0231187 0.0617701 0.0417863 0.138921
0.163903 0.0653816 0.0927275 0.094788 0.0988293 0.149335 0.0526832 0.0704238 0.130875 0.0810543
0.112163 0.207716 0.0916353 0.0255351 0.00549831 0.054986 0.0532405 0.155972 0.146423 0.146831
0.116394 0.0745334 0.100353 0.0930775 0.145286 0.031545 0.105853 0.159518 0.158706 0.0147344
0.0933264 0.0340048 0.0195771 0.141235 0.107865 0.0338734 0.155336 0.172104 0.123843 0.118836
0.0742665 0.268238 0.0687665 0.200293 0.0719629 0.0961813 0.0120381 0.00612017 0.187212 0.014922
0.15055 0.0806385 0.100734 0.166897 0.108754 0.13258 0.0239843 0.021987 0.130765 0.0831103
0.0410775 0.142287 0.0638759 0.0890036 0.0513028 0.132825 0.0823395 0.134666 0.14089 0.121733
0.121262 0.0898015 0.177964 0.179893 0.0643583 0.0799645 0.0269251 0.164468 0.0773864 0.0179761
0.0381461 0.186908 0.0710891 0.0690261 0.0310651 0.0294864 0.0909861 0.170166 0.118803 0.194325
0.0998582 0.0329918 0.107667 0.220777 0.0694926 0.240923 0.113142 0.0138998 0.0434137 0.0578347
0.126026 0.0231822 0.128614 0.0954735 0.116783 0.0863956 0.0989571 0.100994 0.126369 0.0972053
0.00127188 0.290579 0.0436466 0.00511241 0.083671 0.117308 0.182482 0.0541992 0.0169959 0.204734
0.149207 0.208726 0.109608 0.0592858 0.00239094 0.0265292 0.0667473 0.0013327 0.205021 0.171152
